00111111000000000001111111110100
00111111000000000101111111010100
00111111000000001001111110010101
00111111000000001101111100110101
00111111000000010001111010110111
00111111000000010101111000011001
00111111000000011001110101011101
00111111000000011101110010000001
00111111000000100001101110000111
00111111000000100101101001101111
00111111000000101001100100111000
00111111000000101101011111100011
00111111000000110001011001110000
00111111000000110101010011011111
00111111000000111001001100110001
00111111000000111101000101100101
00111111000001000000111101111100
00111111000001000100110101110101
00111111000001001000101101010010
00111111000001001100100100010010
00111111000001010000011010110101
00111111000001010100010000111100
00111111000001011000000110100110
00111111000001011011111011110101
00111111000001011111110000100111
00111111000001100011100100111101
00111111000001100111011000111000
00111111000001101011001100010110
00111111000001101110111111011010
00111111000001110010110010000010
00111111000001110110100100001111
00111111000001111010010110000001
00111111000001111110000111011000
00111111000010000001111000010100
00111111000010000101101000110110
00111111000010001001011000111101
00111111000010001101001000101010
00111111000010010000110111111101
00111111000010010100100110110101
00111111000010011000010101010100
00111111000010011100000011011001
00111111000010011111110001000100
00111111000010100011011110010101
00111111000010100111001011001110
00111111000010101010110111101101
00111111000010101110100011110010
00111111000010110010001111011111
00111111000010110101111010110011
00111111000010111001100101101110
00111111000010111101010000010000
00111111000011000000111010011010
00111111000011000100100100001011
00111111000011001000001101100101
00111111000011001011110110100101
00111111000011001111011111001110
00111111000011010011000111011111
00111111000011010110101111011000
00111111000011011010010110111001
00111111000011011101111110000011
00111111000011100001100100110101
00111111000011100101001011010000
00111111000011101000110001010011
00111111000011101100010111000000
00111111000011101111111100010101
00111111000011110011100001010011
00111111000011110111000101111011
00111111000011111010101010001100
00111111000011111110001110000110
00111111000100000001110001101001
00111111000100000101010100110111
00111111000100001000110111101101
00111111000100001100011010001110
00111111000100001111111100011001
00111111000100010011011110001101
00111111000100010110111111101100
00111111000100011010100000110100
00111111000100011110000001100111
00111111000100100001100010000101
00111111000100100101000010001101
00111111000100101000100001111111
00111111000100101100000001011100
00111111000100101111100000100100
00111111000100110010111111010111
00111111000100110110011101110101
00111111000100111001111011111110
00111111000100111101011001110010
00111111000101000000110111010001
00111111000101000100010100011011
00111111000101000111110001010001
00111111000101001011001101110010
00111111000101001110101001111111
00111111000101010010000101111000
00111111000101010101100001011100
00111111000101011000111100101101
00111111000101011100010111101001
00111111000101011111110010010001
00111111000101100011001100100110
00111111000101100110100110100110
00111111000101101010000000010011
00111111000101101101011001101100
00111111000101110000110010110010
00111111000101110100001011100100
00111111000101110111100100000011
00111111000101111010111100001110
00111111000101111110010100000110
00111111000110000001101011101011
00111111000110000101000010111101
00111111000110001000011001111100
00111111000110001011110000101000
00111111000110001111000111000010
00111111000110010010011101001000
00111111000110010101110010111100
00111111000110011001001000011101
00111111000110011100011101101100
00111111000110011111110010101000
00111111000110100011000111010010
00111111000110100110011011101010
00111111000110101001101111101111
00111111000110101101000011100010
00111111000110110000010111000011
00111111000110110011101010010010
00111111000110110110111101001111
00111111000110111010001111111011
00111111000110111101100010010100
00111111000111000000110100011100
00111111000111000100000110010010
00111111000111000111010111110110
00111111000111001010101001001001
00111111000111001101111010001011
00111111000111010001001010111011
00111111000111010100011011011010
00111111000111010111101011100111
00111111000111011010111011100100
00111111000111011110001011001111
00111111000111100001011010101001
00111111000111100100101001110010
00111111000111100111111000101011
00111111000111101011000111010010
00111111000111101110010101101001
00111111000111110001100011101111
00111111000111110100110001100100
00111111000111110111111111001001
00111111000111111011001100011101
00111111000111111110011001100000
00111111001000000001100110010011
00111111001000000100110010110110
00111111001000000111111111001001
00111111001000001011001011001011
00111111001000001110010110111101
00111111001000010001100010011111
00111111001000010100101101110001
00111111001000010111111000110011
00111111001000011011000011100110
00111111001000011110001110001000
00111111001000100001011000011010
00111111001000100100100010011101
00111111001000100111101100010000
00111111001000101010110101110011
00111111001000101101111111000111
00111111001000110001001000001011
00111111001000110100010001000000
00111111001000110111011001100101
00111111001000111010100001111011
00111111001000111101101010000001
00111111001001000000110001111001
00111111001001000011111001100001
00111111001001000111000000111010
00111111001001001010001000000100
00111111001001001101001110111110
00111111001001010000010101101010
00111111001001010011011100000111
00111111001001010110100010010101
00111111001001011001101000010101
00111111001001011100101110000101
00111111001001011111110011100111
00111111001001100010111000111010
00111111001001100101111101111110
00111111001001101001000010110100
00111111001001101100000111011011
00111111001001101111001011110100
00111111001001110010001111111111
00111111001001110101010011111011
00111111001001111000010111101000
00111111001001111011011011001000
00111111001001111110011110011001
00111111001010000001100001011100
00111111001010000100100100010001
00111111001010000111100110111000
00111111001010001010101001010001
00111111001010001101101011011100
00111111001010010000101101011001
00111111001010010011101111001000
00111111001010010110110000101001
00111111001010011001110001111100
00111111001010011100110011000010
00111111001010011111110011111010
00111111001010100010110100100100
00111111001010100101110101000000
00111111001010101000110101001111
00111111001010101011110101010001
00111111001010101110110101000101
00111111001010110001110100101100
00111111001010110100110100000101
00111111001010110111110011010001
00111111001010111010110010001111
00111111001010111101110001000000
00111111001011000000101111100100
00111111001011000011101101111011
00111111001011000110101100000101
00111111001011001001101010000010
00111111001011001100100111110001
00111111001011001111100101010100
00111111001011010010100010101010
00111111001011010101011111110010
00111111001011011000011100101110
00111111001011011011011001011101
00111111001011011110010101111111
00111111001011100001010010010101
00111111001011100100001110011101
00111111001011100111001010011001
00111111001011101010000110001001
00111111001011101101000001101011
00111111001011101111111101000010
00111111001011110010111000001011
00111111001011110101110011001000
00111111001011111000101101111001
00111111001011111011101000011110
00111111001011111110100010110110
00111111001100000001011101000001
00111111001100000100010111000001
00111111001100000111010000110100
00111111001100001010001010011011
00111111001100001101000011110101
00111111001100001111111101000100
00111111001100010010110110000110
00111111001100010101101110111101
00111111001100011000100111100111
00111111001100011011100000000101
00111111001100011110011000011000
00111111001100100001010000011110
00111111001100100100001000011001
00111111001100100111000000001000
00111111001100101001110111101011
00111111001100101100101111000010
00111111001100101111100110001101
00111111001100110010011101001101
00111111001100110101010100000001
00111111001100111000001010101010
00111111001100111011000001000110
00111111001100111101110111011000
00111111001101000000101101011101
00111111001101000011100011011000
00111111001101000110011001000110
00111111001101001001001110101010
00111111001101001100000100000010
00111111001101001110111001001110
00111111001101010001101110010000
00111111001101010100100011000110
00111111001101010111010111110000
00111111001101011010001100010000
00111111001101011101000000100100
00111111001101011111110100101101
00111111001101100010101000101011
00111111001101100101011100011110
00111111001101101000010000000110
00111111001101101011000011100010
00111111001101101101110110110100
00111111001101110000101001111011
00111111001101110011011100110111
00111111001101110110001111101000
00111111001101111001000010001110
00111111001101111011110100101001
00111111001101111110100110111001
00111111001110000001011000111111
00111111001110000100001010111010
00111111001110000110111100101010
00111111001110001001101110001111
00111111001110001100011111101010
00111111001110001111010000111010
00111111001110010010000001111111
00111111001110010100110010111010
00111111001110010111100011101011
00111111001110011010010100010000
00111111001110011101000100101100
00111111001110011111110100111101
00111111001110100010100101000011
00111111001110100101010100111111
00111111001110101000000100110001
00111111001110101010110100011000
00111111001110101101100011110101
00111111001110110000010011001000
00111111001110110011000010010000
00111111001110110101110001001111
00111111001110111000100000000011
00111111001110111011001110101101
00111111001110111101111101001100
00111111001111000000101011100010
00111111001111000011011001101101
00111111001111000110000111101111
00111111001111001000110101100110
00111111001111001011100011010100
00111111001111001110010000110111
00111111001111010000111110010001
00111111001111010011101011100000
00111111001111010110011000100110
00111111001111011001000101100001
00111111001111011011110010010011
00111111001111011110011110111011
00111111001111100001001011011010
00111111001111100011110111101110
00111111001111100110100011111001
00111111001111101001001111111010
00111111001111101011111011110001
00111111001111101110100111011111
00111111001111110001010011000011
00111111001111110011111110011101
00111111001111110110101001101110
00111111001111111001010100110101
00111111001111111011111111110011
00111111001111111110101010100111
00111111010000000001010101010010
00111111010000000011111111110011
00111111010000000110101010001011
00111111010000001001010100011001
00111111010000001011111110011110
00111111010000001110101000011010
00111111010000010001010010001100
00111111010000010011111011110101
00111111010000010110100101010100
00111111010000011001001110101011
00111111010000011011110111111000
00111111010000011110100000111100
00111111010000100001001001110110
00111111010000100011110010101000
00111111010000100110011011010000
00111111010000101001000011101111
00111111010000101011101100000101
00111111010000101110010100010010
00111111010000110000111100010110
00111111010000110011100100010001
00111111010000110110001100000011
00111111010000111000110011101100
00111111010000111011011011001100
00111111010000111110000010100010
00111111010001000000101001110000
00111111010001000011010000110110
00111111010001000101110111110010
00111111010001001000011110100101
00111111010001001011000101010000
00111111010001001101101011110001
00111111010001010000010010001010
00111111010001010010111000011010
00111111010001010101011110100010
00111111010001011000000100100000
00111111010001011010101010010110
00111111010001011101010000000011
00111111010001011111110101101000
00111111010001100010011011000100
00111111010001100101000000010111
00111111010001100111100101100010
00111111010001101010001010100100
00111111010001101100101111011101
00111111010001101111010100001110
00111111010001110001111000110111
00111111010001110100011101010111
00111111010001110111000001101110
00111111010001111001100101111101
00111111010001111100001010000100
00111111010001111110101110000010
00111111010010000001010001111000
00111111010010000011110101100101
00111111010010000110011001001010
00111111010010001000111100100111
00111111010010001011011111111011
00111111010010001110000011000111
00111111010010010000100110001011
00111111010010010011001001000111
00111111010010010101101011111010
00111111010010011000001110100101
00111111010010011010110001001000
00111111010010011101010011100011
00111111010010011111110101110101
00111111010010100010010111111111
00111111010010100100111010000010
00111111010010100111011011111100
00111111010010101001111101101110
00111111010010101100011111011000
00111111010010101111000000111010
00111111010010110001100010010100
00111111010010110100000011100110
00111111010010110110100100110000
00111111010010111001000101110010
00111111010010111011100110101100
00111111010010111110000111011110
00111111010011000000101000001000
00111111010011000011001000101010
00111111010011000101101001000100
00111111010011001000001001010111
00111111010011001010101001100010
00111111010011001101001001100100
00111111010011001111101001011111
00111111010011010010001001010011
00111111010011010100101000111110
00111111010011010111001000100010
00111111010011011001100111111110
00111111010011011100000111010010
00111111010011011110100110011110
00111111010011100001000101100011
00111111010011100011100100100000
00111111010011100110000011010110
00111111010011101000100010000100
00111111010011101011000000101010
00111111010011101101011111001001
00111111010011101111111101100000
00111111010011110010011011101111
00111111010011110100111001110111
00111111010011110111010111111000
00111111010011111001110101110001
00111111010011111100010011100010
00111111010011111110110001001100
00111111010100000001001110101110
00111111010100000011101100001001
00111111010100000110001001011101
00111111010100001000100110101001
00111111010100001011000011101110
00111111010100001101100000101011
00111111010100001111111101100001
00111111010100010010011010010000
00111111010100010100110110110111
00111111010100010111010011010111
00111111010100011001101111110000
00111111010100011100001100000010
00111111010100011110101000001100
00111111010100100001000100001111
00111111010100100011100000001010
00111111010100100101111011111111
00111111010100101000010111101100
00111111010100101010110011010010
00111111010100101101001110110001
00111111010100101111101010001000
00111111010100110010000101011001
00111111010100110100100000100010
00111111010100110110111011100101
00111111010100111001010110100000
00111111010100111011110001010100
00111111010100111110001100000001
00111111010101000000100110100111
00111111010101000011000001000110
00111111010101000101011011011110
00111111010101000111110101101111
00111111010101001010001111111001
00111111010101001100101001111100
00111111010101001111000011111000
00111111010101010001011101101101
00111111010101010011110111011011
00111111010101010110010001000010
00111111010101011000101010100010
00111111010101011011000011111100
00111111010101011101011101001110
00111111010101011111110110011010
00111111010101100010001111011111
00111111010101100100101000011101
00111111010101100111000001010100
00111111010101101001011010000100
00111111010101101011110010101110
00111111010101101110001011010000
00111111010101110000100011101100
00111111010101110010111100000010
00111111010101110101010100010000
00111111010101110111101100011000
00111111010101111010000100011001
00111111010101111100011100010011
00111111010101111110110100000111
00111111010110000001001011110100
00111111010110000011100011011010
00111111010110000101111010111010
00111111010110001000010010010011
00111111010110001010101001100110
00111111010110001101000000110010
00111111010110001111010111110111
00111111010110010001101110110110
00111111010110010100000101101110
00111111010110010110011100100000
00111111010110011000110011001011
00111111010110011011001001101111
00111111010110011101100000001110
00111111010110011111110110100101
00111111010110100010001100110110
00111111010110100100100011000001
00111111010110100110111001000101
00111111010110101001001111000011
00111111010110101011100100111010
00111111010110101101111010101011
00111111010110110000010000010110
00111111010110110010100101111010
00111111010110110100111011011000
00111111010110110111010000101111
00111111010110111001100110000000
00111111010110111011111011001011
00111111010110111110010000001111
00111111010111000000100101001101
00111111010111000010111010000101
00111111010111000101001110110111
00111111010111000111100011100010
00111111010111001001111000000111
00111111010111001100001100100110
00111111010111001110100000111110
00111111010111010000110101010000
00111111010111010011001001011100
00111111010111010101011101100010
00111111010111010111110001100010
00111111010111011010000101011011
00111111010111011100011001001111
00111111010111011110101100111100
00111111010111100001000000100011
00111111010111100011010100000100
00111111010111100101100111011110
00111111010111100111111010110011
00111111010111101010001110000010
00111111010111101100100001001010
00111111010111101110110100001101
00111111010111110001000111001001
00111111010111110011011001111111
00111111010111110101101100110000
00111111010111110111111111011010
00111111010111111010010001111110
00111111010111111100100100011100
00111111010111111110110110110101
00111111011000000001001001000111
00111111011000000011011011010011
00111111011000000101101101011010
00111111011000000111111111011010
00111111011000001010010001010101
00111111011000001100100011001001
00111111011000001110110100111000
00111111011000010001000110100001
00111111011000010011011000000011
00111111011000010101101001100000
00111111011000010111111010111000
00111111011000011010001100001001
00111111011000011100011101010100
00111111011000011110101110011010
00111111011000100000111111011010
00111111011000100011010000010100
00111111011000100101100001001000
00111111011000100111110001110110
00111111011000101010000010011111
00111111011000101100010011000010
00111111011000101110100011011111
00111111011000110000110011110110
00111111011000110011000100001000
00111111011000110101010100010100
00111111011000110111100100011010
00111111011000111001110100011011
00111111011000111100000100010101
00111111011000111110010100001010
00111111011001000000100011111010
00111111011001000010110011100100
00111111011001000101000011001000
00111111011001000111010010100110
00111111011001001001100001111111
00111111011001001011110001010011
00111111011001001110000000100000
00111111011001010000001111101000
00111111011001010010011110101011
00111111011001010100101101101000
00111111011001010110111100011111
00111111011001011001001011010001
00111111011001011011011001111101
00111111011001011101101000100100
00111111011001011111110111000101
00111111011001100010000101100000
00111111011001100100010011110111
00111111011001100110100010000111
00111111011001101000110000010010
00111111011001101010111110011000
00111111011001101101001100011000
00111111011001101111011010010011
00111111011001110001101000001000
00111111011001110011110101111000
00111111011001110110000011100011
00111111011001111000010001001000
00111111011001111010011110100111
00111111011001111100101100000001
00111111011001111110111001010110
00111111011010000001000110100110
00111111011010000011010011110000
00111111011010000101100000110101
00111111011010000111101101110100
00111111011010001001111010101110
00111111011010001100000111100011
00111111011010001110010100010010
00111111011010010000100000111100
00111111011010010010101101100001
00111111011010010100111010000000
00111111011010010111000110011010
00111111011010011001010010101111
00111111011010011011011110111111
00111111011010011101101011001001
00111111011010011111110111001111
00111111011010100010000011001110
00111111011010100100001111001001
00111111011010100110011010111111
00111111011010101000100110101111
00111111011010101010110010011010
00111111011010101100111110000000
00111111011010101111001001100000
00111111011010110001010100111100
00111111011010110011100000010010
00111111011010110101101011100011
00111111011010110111110110101111
00111111011010111010000001110110
00111111011010111100001100111000
00111111011010111110010111110101
00111111011011000000100010101100
00111111011011000010101101011111
00111111011011000100111000001100
00111111011011000111000010110100
00111111011011001001001101010111
00111111011011001011010111110101
00111111011011001101100010001110
00111111011011001111101100100010
00111111011011010001110110110001
00111111011011010100000000111011
00111111011011010110001011000000
00111111011011011000010101000000
00111111011011011010011110111011
00111111011011011100101000110001
00111111011011011110110010100001
00111111011011100000111100001101
00111111011011100011000101110100
00111111011011100101001111010110
00111111011011100111011000110011
00111111011011101001100010001011
00111111011011101011101011011110
00111111011011101101110100101100
00111111011011101111111101110110
00111111011011110010000110111010
00111111011011110100001111111001
00111111011011110110011000110100
00111111011011111000100001101010
00111111011011111010101010011010
00111111011011111100110011000110
00111111011011111110111011101101
00111111011100000001000100001111
00111111011100000011001100101101
00111111011100000101010101000101
00111111011100000111011101011001
00111111011100001001100101100111
00111111011100001011101101110001
00111111011100001101110101110110
00111111011100001111111101110111
00111111011100010010000101110010
00111111011100010100001101101001
00111111011100010110010101011011
00111111011100011000011101001000
00111111011100011010100100110001
00111111011100011100101100010101
00111111011100011110110011110011
00111111011100100000111011001110
00111111011100100011000010100011
00111111011100100101001001110100
00111111011100100111010001000000
00111111011100101001011000000111
00111111011100101011011111001010
00111111011100101101100110001000
00111111011100101111101101000001
00111111011100110001110011110110
00111111011100110011111010100110
00111111011100110110000001010001
00111111011100111000000111110111
00111111011100111010001110011001
00111111011100111100010100110111
00111111011100111110011011001111
00111111011101000000100001100011
00111111011101000010100111110011
00111111011101000100101101111110
00111111011101000110110100000100
00111111011101001000111010000101
00111111011101001011000000000011
00111111011101001101000101111011
00111111011101001111001011101111
00111111011101010001010001011110
00111111011101010011010111001001
00111111011101010101011100101111
00111111011101010111100010010001
00111111011101011001100111101110
00111111011101011011101101000110
00111111011101011101110010011011
00111111011101011111110111101010
00111111011101100001111100110101
00111111011101100100000001111100
00111111011101100110000110111110
00111111011101101000001011111011
00111111011101101010010000110100
00111111011101101100010101101001
00111111011101101110011010011001
00111111011101110000011111000101
00111111011101110010100011101100
00111111011101110100101000001111
00111111011101110110101100101101
00111111011101111000110001000111
00111111011101111010110101011100
00111111011101111100111001101110
00111111011101111110111101111010
00111111011110000001000010000010
00111111011110000011000110000110
00111111011110000101001010000110
00111111011110000111001110000001
00111111011110001001010001111000
00111111011110001011010101101010
00111111011110001101011001011000
00111111011110001111011101000010
00111111011110010001100000100111
00111111011110010011100100001000
00111111011110010101100111100100
00111111011110010111101010111101
00111111011110011001101110010001
00111111011110011011110001100000
00111111011110011101110100101100
00111111011110011111110111110011
00111111011110100001111010110101
00111111011110100011111101110100
00111111011110100110000000101110
00111111011110101000000011100100
00111111011110101010000110010101
00111111011110101100001001000011
00111111011110101110001011101100
00111111011110110000001110010001
00111111011110110010010000110001
00111111011110110100010011001110
00111111011110110110010101100110
00111111011110111000010111111010
00111111011110111010011010001001
00111111011110111100011100010101
00111111011110111110011110011100
00111111011111000000100000011111
00111111011111000010100010011110
00111111011111000100100100011001
00111111011111000110100110001111
00111111011111001000101000000010
00111111011111001010101001110000
00111111011111001100101011011010
00111111011111001110101101000000
00111111011111010000101110100010
00111111011111010010101111111111
00111111011111010100110001011001
00111111011111010110110010101110
00111111011111011000110011111111
00111111011111011010110101001100
00111111011111011100110110010101
00111111011111011110110111011010
00111111011111100000111000011011
00111111011111100010111001010111
00111111011111100100111010010000
00111111011111100110111011000101
00111111011111101000111011110101
00111111011111101010111100100001
00111111011111101100111101001010
00111111011111101110111101101110
00111111011111110000111110001110
00111111011111110010111110101010
00111111011111110100111111000010
00111111011111110110111111010110
00111111011111111000111111100110
00111111011111111010111111110010
00111111011111111100111111111010
00111111011111111110111111111110
