00111111011111111100000000010000
00111111011111110100000001110000
00111111011111101100000100101111
00111111011111100100001001001101
00111111011111011100001111001010
00111111011111010100010110100110
00111111011111001100011111011111
00111111011111000100101001110110
00111111011110111100110101101010
00111111011110110101000010111011
00111111011110101101010001101000
00111111011110100101100001110010
00111111011110011101110011011000
00111111011110010110000110011001
00111111011110001110011010110101
00111111011110000110110000101011
00111111011101111111000111111101
00111111011101110111100000101000
00111111011101101111111010101101
00111111011101101000010110001011
00111111011101100000110011000010
00111111011101011001010001010010
00111111011101010001110000111011
00111111011101001010010001111011
00111111011101000010110100010011
00111111011100111011011000000011
00111111011100110011111101001001
00111111011100101100100011100110
00111111011100100101001011011001
00111111011100011101110100100011
00111111011100010110011111000010
00111111011100001111001010110110
00111111011100000111111000000000
00111111011100000000100110011110
00111111011011111001010110010001
00111111011011110010000111011000
00111111011011101010111001110010
00111111011011100011101101100000
00111111011011011100100010100001
00111111011011010101011000110101
00111111011011001110010000011011
00111111011011000111001001010100
00111111011011000000000011011111
00111111011010111000111110111011
00111111011010110001111011101000
00111111011010101010111001100111
00111111011010100011111000110110
00111111011010011100111001010101
00111111011010010101111011000100
00111111011010001110111110000100
00111111011010001000000010010011
00111111011010000001000111110000
00111111011001111010001110011101
00111111011001110011010110011001
00111111011001101100011111100010
00111111011001100101101001111010
00111111011001011110110101100000
00111111011001011000000010010011
00111111011001010001010000010011
00111111011001001010011111100000
00111111011001000011101111111001
00111111011000111101000001011111
00111111011000110110010100010001
00111111011000101111101000001111
00111111011000101000111101011000
00111111011000100010010011101100
00111111011000011011101011001011
00111111011000010101000011110101
00111111011000001110011101101001
00111111011000000111111000100111
00111111011000000001010100110000
00111111010111111010110010000001
00111111010111110100010000011100
00111111010111101101110000000000
00111111010111100111010000101101
00111111010111100000110010100010
00111111010111011010010101011111
00111111010111010011111001100101
00111111010111001101011110110010
00111111010111000111000101000111
00111111010111000000101100100010
00111111010110111010010101000101
00111111010110110011111110101110
00111111010110101101101001011110
00111111010110100111010101010100
00111111010110100001000010010000
00111111010110011010110000010001
00111111010110010100011111011000
00111111010110001110001111100100
00111111010110001000000000110101
00111111010110000001110011001011
00111111010101111011100110100101
00111111010101110101011011000011
00111111010101101111010000100101
00111111010101101001000111001011
00111111010101100010111110110100
00111111010101011100110111100000
00111111010101010110110001010000
00111111010101010000101100000010
00111111010101001010100111110111
00111111010101000100100100101101
00111111010100111110100010100110
00111111010100111000100001100001
00111111010100110010100001011101
00111111010100101100100010011011
00111111010100100110100100011001
00111111010100100000100111011001
00111111010100011010101011011001
00111111010100010100110000011001
00111111010100001110110110011010
00111111010100001000111101011010
00111111010100000011000101011011
00111111010011111101001110011010
00111111010011110111011000011010
00111111010011110001100011011000
00111111010011101011101111010101
00111111010011100101111100010000
00111111010011100000001010001010
00111111010011011010011001000010
00111111010011010100101000111000
00111111010011001110111001101100
00111111010011001001001011011101
00111111010011000011011110001100
00111111010010111101110001110111
00111111010010111000000110100000
00111111010010110010011100000101
00111111010010101100110010100111
00111111010010100111001010000101
00111111010010100001100010011111
00111111010010011011111011110101
00111111010010010110010110000110
00111111010010010000110001010011
00111111010010001011001101011011
00111111010010000101101010011110
00111111010010000000001000011100
00111111010001111010100111010100
00111111010001110101000111000111
00111111010001101111100111110100
00111111010001101010001001011011
00111111010001100100101011111100
00111111010001011111001111010111
00111111010001011001110011101010
00111111010001010100011000110111
00111111010001001110111110111101
00111111010001001001100101111100
00111111010001000100001101110100
00111111010000111110110110100100
00111111010000111001100000001100
00111111010000110100001010101100
00111111010000101110110110000100
00111111010000101001100010010100
00111111010000100100001111011011
00111111010000011110111101011001
00111111010000011001101100001111
00111111010000010100011011111011
00111111010000001111001100011110
00111111010000001001111101111000
00111111010000000100110000001000
00111111001111111111100011001110
00111111001111111010010111001010
00111111001111110101001011111100
00111111001111110000000001100100
00111111001111101010111000000001
00111111001111100101101111010011
00111111001111100000100111011011
00111111001111011011100000010111
00111111001111010110011010001000
00111111001111010001010100101110
00111111001111001100010000001000
00111111001111000111001100010110
00111111001111000010001001011000
00111111001110111101000111001110
00111111001110111000000101111000
00111111001110110011000101010101
00111111001110101110000101100101
00111111001110101001000110101001
00111111001110100100001000100000
00111111001110011111001011001001
00111111001110011010001110100101
00111111001110010101010010110100
00111111001110010000010111110101
00111111001110001011011101101000
00111111001110000110100100001101
00111111001110000001101011100100
00111111001101111100110011101100
00111111001101110111111100100110
00111111001101110011000110010010
00111111001101101110010000101110
00111111001101101001011011111100
00111111001101100100100111111010
00111111001101011111110100101001
00111111001101011011000010001000
00111111001101010110010000011000
00111111001101010001011111011000
00111111001101001100101111001000
00111111001101000111111111101000
00111111001101000011010000111000
00111111001100111110100010110111
00111111001100111001110101100110
00111111001100110101001001000100
00111111001100110000011101010001
00111111001100101011110010001101
00111111001100100111000111111000
00111111001100100010011110010001
00111111001100011101110101011001
00111111001100011001001101010000
00111111001100010100100101110100
00111111001100001111111111000111
00111111001100001011011001000111
00111111001100000110110011110101
00111111001100000010001111010001
00111111001011111101101011011010
00111111001011111001001000010001
00111111001011110100100101110100
00111111001011110000000100000101
00111111001011101011100011000010
00111111001011100111000010101101
00111111001011100010100011000011
00111111001011011110000100000111
00111111001011011001100101110110
00111111001011010101001000010010
00111111001011010000101011011010
00111111001011001100001111001101
00111111001011000111110011101100
00111111001011000011011000110111
00111111001010111110111110101101
00111111001010111010100101001111
00111111001010110110001100011100
00111111001010110001110100010100
00111111001010101101011100110110
00111111001010101001000110000100
00111111001010100100101111111100
00111111001010100000011010011110
00111111001010011100000101101011
00111111001010010111110001100010
00111111001010010011011110000011
00111111001010001111001011001111
00111111001010001010111001000011
00111111001010000110100111100010
00111111001010000010010110101010
00111111001001111110000110011100
00111111001001111001110110110111
00111111001001110101100111111011
00111111001001110001011001101000
00111111001001101101001011111110
00111111001001101000111110111100
00111111001001100100110010100100
00111111001001100000100110110011
00111111001001011100011011101100
00111111001001011000010001001100
00111111001001010100000111010101
00111111001001001111111110000101
00111111001001001011110101011110
00111111001001000111101101011110
00111111001001000011100110000110
00111111001000111111011111010101
00111111001000111011011001001100
00111111001000110111010011101010
00111111001000110011001110101111
00111111001000101111001010011100
00111111001000101011000110101111
00111111001000100111000011101001
00111111001000100011000001001001
00111111001000011110111111010000
00111111001000011010111101111110
00111111001000010110111101010001
00111111001000010010111101001011
00111111001000001110111101101011
00111111001000001010111110110001
00111111001000000111000000011101
00111111001000000011000010101110
00111111000111111111000101100101
00111111000111111011001001000010
00111111000111110111001101000100
00111111000111110011010001101011
00111111000111101111010110110111
00111111000111101011011100101000
00111111000111100111100010111110
00111111000111100011101001111001
00111111000111011111110001011001
00111111000111011011111001011101
00111111000111011000000010000110
00111111000111010100001011010011
00111111000111010000010101000100
00111111000111001100011111011001
00111111000111001000101010010011
00111111000111000100110101110000
00111111000111000001000001110001
00111111000110111101001110010110
00111111000110111001011011011110
00111111000110110101101001001001
00111111000110110001110111011001
00111111000110101110000110001011
00111111000110101010010101100000
00111111000110100110100101011001
00111111000110100010110101110100
00111111000110011111000110110010
00111111000110011011011000010011
00111111000110010111101010010111
00111111000110010011111100111101
00111111000110010000010000000101
00111111000110001100100011110000
00111111000110001000110111111101
00111111000110000101001100101100
00111111000110000001100001111101
00111111000101111101110111110000
00111111000101111010001110000101
00111111000101110110100100111011
00111111000101110010111100010011
00111111000101101111010100001101
00111111000101101011101100100111
00111111000101101000000101100100
00111111000101100100011111000001
00111111000101100000111000111111
00111111000101011101010011011111
00111111000101011001101110011111
00111111000101010110001010000000
00111111000101010010100110000010
00111111000101001111000010100100
00111111000101001011011111100111
00111111000101000111111101001010
00111111000101000100011011001101
00111111000101000000111001110001
00111111000100111101011000110101
00111111000100111001111000011001
00111111000100110110011000011100
00111111000100110010111001000000
00111111000100101111011010000011
00111111000100101011111011100110
00111111000100101000011101101001
00111111000100100101000000001011
00111111000100100001100011001100
00111111000100011110000110101101
00111111000100011010101010101100
00111111000100010111001111001011
00111111000100010011110100001001
00111111000100010000011001100110
00111111000100001100111111100001
00111111000100001001100101111100
00111111000100000110001100110100
00111111000100000010110100001100
00111111000011111111011100000010
00111111000011111100000100010110
00111111000011111000101101001000
00111111000011110101010110011001
00111111000011110010000000001000
00111111000011101110101010010101
00111111000011101011010100111111
00111111000011101000000000001000
00111111000011100100101011101110
00111111000011100001010111110010
00111111000011011110000100010100
00111111000011011010110001010011
00111111000011010111011110101111
00111111000011010100001100101001
00111111000011010000111011000000
00111111000011001101101001110100
00111111000011001010011001000101
00111111000011000111001000110011
00111111000011000011111000111110
00111111000011000000101001100110
00111111000010111101011010101010
00111111000010111010001100001100
00111111000010110110111110001001
00111111000010110011110000100100
00111111000010110000100011011010
00111111000010101101010110101101
00111111000010101010001010011100
00111111000010100110111110101000
00111111000010100011110011001111
00111111000010100000101000010011
00111111000010011101011101110010
00111111000010011010010011101101
00111111000010010111001010000100
00111111000010010100000000110111
00111111000010010000111000000101
00111111000010001101101111101111
00111111000010001010100111110100
00111111000010000111100000010100
00111111000010000100011001010000
00111111000010000001010010100111
00111111000001111110001100011001
00111111000001111011000110100110
00111111000001111000000001001110
00111111000001110100111100010001
00111111000001110001110111101111
00111111000001101110110011101000
00111111000001101011101111111011
00111111000001101000101100101001
00111111000001100101101001110001
00111111000001100010100111010100
00111111000001011111100101010001
00111111000001011100100011101001
00111111000001011001100010011010
00111111000001010110100001100110
00111111000001010011100001001100
00111111000001010000100001001100
00111111000001001101100001100110
00111111000001001010100010011001
00111111000001000111100011100111
00111111000001000100100101001110
00111111000001000001100111001111
00111111000000111110101001101001
00111111000000111011101100011101
00111111000000111000101111101010
00111111000000110101110011010001
00111111000000110010110111010001
00111111000000101111111011101010
00111111000000101101000000011100
00111111000000101010000101100111
00111111000000100111001011001100
00111111000000100100010001001001
00111111000000100001010111011111
00111111000000011110011110001110
00111111000000011011100101010101
00111111000000011000101100110110
00111111000000010101110100101111
00111111000000010010111101000000
00111111000000010000000101101010
00111111000000001101001110101100
00111111000000001010011000000110
00111111000000000111100001111001
00111111000000000100101100000100
00111111000000000001110110100111
00111110111111111110000011000100
00111110111111111000011001101010
00111110111111110010110001000000
00111110111111101101001001000101
00111110111111100111100001111010
00111110111111100001111011011111
00111110111111011100010101110011
00111110111111010110110000110110
00111110111111010001001100101000
00111110111111001011101001001001
00111110111111000110000110011001
00111110111111000000100100010111
00111110111110111011000011000100
00111110111110110101100010011111
00111110111110110000000010101001
00111110111110101010100011100000
00111110111110100101000101000110
00111110111110011111100111011010
00111110111110011010001010011011
00111110111110010100101110001010
00111110111110001111010010100111
00111110111110001001110111110001
00111110111110000100011101101000
00111110111101111111000100001100
00111110111101111001101011011110
00111110111101110100010011011100
00111110111101101110111100000111
00111110111101101001100101011111
00111110111101100100001111100011
00111110111101011110111010010100
00111110111101011001100101110001
00111110111101010100010001111010
00111110111101001110111110101111
00111110111101001001101100010001
00111110111101000100011010011110
00111110111100111111001001010110
00111110111100111001111000111011
00111110111100110100101001001010
00111110111100101111011010000110
00111110111100101010001011101100
00111110111100100100111101111101
00111110111100011111110000111010
00111110111100011010100100100001
00111110111100010101011000110011
00111110111100010000001101110000
00111110111100001011000011010111
00111110111100000101111001101001
00111110111100000000110000100101
00111110111011111011101000001100
00111110111011110110100000011100
00111110111011110001011001010110
00111110111011101100010010111011
00111110111011100111001101001001
00111110111011100010001000000000
00111110111011011101000011100001
00111110111011010111111111101100
00111110111011010010111100100000
00111110111011001101111001111101
00111110111011001000111000000011
00111110111011000011110110110010
00111110111010111110110110001011
00111110111010111001110110001011
00111110111010110100110110110101
00111110111010101111111000000111
00111110111010101010111010000001
00111110111010100101111100100100
00111110111010100000111111101111
00111110111010011100000011100010
00111110111010010111000111111110
00111110111010010010001101000001
00111110111010001101010010101100
00111110111010001000011000111110
00111110111010000011011111111001
00111110111001111110100111011010
00111110111001111001101111100011
00111110111001110100111000010100
00111110111001110000000001101011
00111110111001101011001011101010
00111110111001100110010110010000
00111110111001100001100001011100
00111110111001011100101101010000
00111110111001010111111001101010
00111110111001010011000110101010
00111110111001001110010100010001
00111110111001001001100010011111
00111110111001000100110001010010
00111110111001000000000000101100
00111110111000111011010000101100
00111110111000110110100001010010
00111110111000110001110010011110
00111110111000101101000100010000
00111110111000101000010110100111
00111110111000100011101001100100
00111110111000011110111101000110
00111110111000011010010001001110
00111110111000010101100101111011
00111110111000010000111011001101
00111110111000001100010001000100
00111110111000000111100111100000
00111110111000000010111110100010
00111110110111111110010110001000
00111110110111111001101110010010
00111110110111110101000111000010
00111110110111110000100000010110
00111110110111101011111010001110
00111110110111100111010100101011
00111110110111100010101111101011
00111110110111011110001011010000
00111110110111011001100111011010
00111110110111010101000100000111
00111110110111010000100001011000
00111110110111001011111111001100
00111110110111000111011101100101
00111110110111000010111100100001
00111110110110111110011100000000
00111110110110111001111100000011
00111110110110110101011100101010
00111110110110110000111101110011
00111110110110101100011111100000
00111110110110101000000001101111
00111110110110100011100100100010
00111110110110011111000111111000
00111110110110011010101011110000
00111110110110010110010000001011
00111110110110010001110101001001
00111110110110001101011010101001
00111110110110001001000000101100
00111110110110000100100111010001
00111110110110000000001110011000
00111110110101111011110110000001
00111110110101110111011110001101
00111110110101110011000110111010
00111110110101101110110000001010
00111110110101101010011001111011
00111110110101100110000100001110
00111110110101100001101111000011
00111110110101011101011010011001
00111110110101011001000110010001
00111110110101010100110010101010
00111110110101010000011111100100
00111110110101001100001101000000
00111110110101000111111010111101
00111110110101000011101001011011
00111110110100111111011000011010
00111110110100111011000111111001
00111110110100110110110111111010
00111110110100110010101000011011
00111110110100101110011001011101
00111110110100101010001011000000
00111110110100100101111101000011
00111110110100100001101111100111
00111110110100011101100010101011
00111110110100011001010110001111
00111110110100010101001010010011
00111110110100010000111110110111
00111110110100001100110011111100
00111110110100001000101001100000
00111110110100000100011111100100
00111110110100000000010110001000
00111110110011111100001101001100
00111110110011111000000100101111
00111110110011110011111100110010
00111110110011101111110101010100
00111110110011101011101110010110
00111110110011100111100111110111
00111110110011100011100001110111
00111110110011011111011100010110
00111110110011011011010111010101
00111110110011010111010010110010
00111110110011010011001110101110
00111110110011001111001011001010
00111110110011001011001000000100
00111110110011000111000101011100
00111110110011000011000011010011
00111110110010111111000001101001
00111110110010111011000000011101
00111110110010110110111111110000
00111110110010110010111111100001
00111110110010101110111111110000
00111110110010101011000000011101
00111110110010100111000001101001
00111110110010100011000011010010
00111110110010011111000101011001
00111110110010011011000111111111
00111110110010010111001011000010
00111110110010010011001110100010
00111110110010001111010010100001
00111110110010001011010110111101
00111110110010000111011011110110
00111110110010000011100001001101
00111110110001111111100111000001
00111110110001111011101101010011
00111110110001110111110100000010
00111110110001110011111011001110
00111110110001110000000010110111
00111110110001101100001010111101
00111110110001101000010011100000
00111110110001100100011100011111
00111110110001100000100101111100
00111110110001011100101111110101
00111110110001011000111010001011
00111110110001010101000100111110
00111110110001010001010000001101
00111110110001001101011011111000
00111110110001001001101000000000
00111110110001000101110100100101
00111110110001000010000001100101
00111110110000111110001111000010
00111110110000111010011100111010
00111110110000110110101011001111
00111110110000110010111010000000
00111110110000101111001001001101
00111110110000101011011000110101
00111110110000100111101000111001
00111110110000100011111001011001
00111110110000100000001010010101
00111110110000011100011011101100
00111110110000011000101101011111
00111110110000010100111111101101
00111110110000010001010010010110
00111110110000001101100101011011
00111110110000001001111000111011
00111110110000000110001100110110
00111110110000000010100001001100
00111110101111111110110101111110
00111110101111111011001011001010
00111110101111110111100000110001
00111110101111110011110110110011
00111110101111110000001101010000
00111110101111101100100100001000
00111110101111101000111011011010
00111110101111100101010011000111
00111110101111100001101011001110
00111110101111011110000011110000
00111110101111011010011100101100
00111110101111010110110110000011
00111110101111010011001111110100
00111110101111001111101001111111
00111110101111001100000100100100
00111110101111001000011111100100
00111110101111000100111010111101
00111110101111000001010110110000
00111110101110111101110010111110
00111110101110111010001111100101
00111110101110110110101100100110
00111110101110110011001010000000
00111110101110101111100111110101
00111110101110101100000110000010
00111110101110101000100100101010
00111110101110100101000011101011
00111110101110100001100011000101
00111110101110011110000010111001
00111110101110011010100011000110
00111110101110010111000011101100
00111110101110010011100100101100
00111110101110010000000110000100
00111110101110001100100111110110
00111110101110001001001010000001
00111110101110000101101100100100
00111110101110000010001111100001
00111110101101111110110010110110
00111110101101111011010110100100
00111110101101110111111010101011
00111110101101110100011111001011
00111110101101110001000100000011
00111110101101101101101001010011
00111110101101101010001110111100
00111110101101100110110100111110
00111110101101100011011011011000
00111110101101100000000010001010
00111110101101011100101001010101
00111110101101011001010000110111
00111110101101010101111000110010
00111110101101010010100001000101
00111110101101001111001001110000
00111110101101001011110010110011
00111110101101001000011100001110
00111110101101000101000110000001
00111110101101000001110000001100
00111110101100111110011010101110
00111110101100111011000101101000
00111110101100110111110000111010
00111110101100110100011100100011
00111110101100110001001000100100
00111110101100101101110100111100
00111110101100101010100001101100
00111110101100100111001110110011
00111110101100100011111100010010
00111110101100100000101010000111
00111110101100011101011000010100
00111110101100011010000110111000
00111110101100010110110101110100
00111110101100010011100101000110
00111110101100010000010100101111
00111110101100001101000100101111
00111110101100001001110101000111
00111110101100000110100101110101
00111110101100000011010110111001
00111110101100000000001000010101
00111110101011111100111010000111
00111110101011111001101100010000
00111110101011110110011110101111
00111110101011110011010001100101
00111110101011110000000100110010
00111110101011101100111000010101
00111110101011101001101100001110
00111110101011100110100000011101
00111110101011100011010101000011
00111110101011100000001001111111
00111110101011011100111111010010
00111110101011011001110100111010
00111110101011010110101010111001
00111110101011010011100001001101
00111110101011010000010111111000
00111110101011001101001110111000
00111110101011001010000110001110
00111110101011000110111101111010
00111110101011000011110101111100
00111110101011000000101110010100
00111110101010111101100111000001
00111110101010111010100000000100
00111110101010110111011001011101
00111110101010110100010011001011
00111110101010110001001101001110
00111110101010101110000111100111
00111110101010101011000010010110
00111110101010100111111101011001
00111110101010100100111000110010
00111110101010100001110100100000
00111110101010011110110000100100
00111110101010011011101100111100
00111110101010011000101001101010
00111110101010010101100110101101
00111110101010010010100100000101
00111110101010001111100001110001
00111110101010001100011111110011
00111110101010001001011110001001
00111110101010000110011100110101
00111110101010000011011011110101
00111110101010000000011011001001
00111110101001111101011010110011
00111110101001111010011010110001
00111110101001110111011011000100
00111110101001110100011011101011
00111110101001110001011100100110
00111110101001101110011101110111
00111110101001101011011111011011
00111110101001101000100001010100
00111110101001100101100011100001
00111110101001100010100110000011
00111110101001011111101000111001
00111110101001011100101100000010
00111110101001011001101111100000
00111110101001010110110011010011
00111110101001010011110111011001
00111110101001010000111011110011
00111110101001001110000000100001
00111110101001001011000101100011
00111110101001001000001010111001
00111110101001000101010000100011
00111110101001000010010110100000
00111110101000111111011100110001
00111110101000111100100011010110
00111110101000111001101010001111
00111110101000110110110001011011
00111110101000110011111000111011
00111110101000110001000000101110
00111110101000101110001000110101
00111110101000101011010001001111
00111110101000101000011001111100
00111110101000100101100010111101
00111110101000100010101100010001
00111110101000011111110101111001
00111110101000011100111111110011
00111110101000011010001010000001
00111110101000010111010100100010
00111110101000010100011111010110
00111110101000010001101010011110
00111110101000001110110101111000
00111110101000001100000001100101
00111110101000001001001101100101
00111110101000000110011001111000
00111110101000000011100110011101
00111110101000000000110011010110
00111110100111111110000000100001
00111110100111111011001101111111
00111110100111111000011011110000
00111110100111110101101001110011
00111110100111110010111000001001
00111110100111110000000110110010
00111110100111101101010101101101
00111110100111101010100100111011
00111110100111100111110100011010
00111110100111100101000100001101
00111110100111100010010100010010
00111110100111011111100100101001
00111110100111011100110101010010
00111110100111011010000110001101
00111110100111010111010111011011
00111110100111010100101000111011
00111110100111010001111010101101
00111110100111001111001100110001
00111110100111001100011111000111
00111110100111001001110001101111
00111110100111000111000100101010
00111110100111000100010111110110
00111110100111000001101011010100
00111110100110111110111111000011
00111110100110111100010011000101
00111110100110111001100111011000
00111110100110110110111011111101
00111110100110110100010000110100
00111110100110110001100101111101
00111110100110101110111011010111
00111110100110101100010001000010
00111110100110101001100110111111
00111110100110100110111101001110
00111110100110100100010011101110
00111110100110100001101010100000
00111110100110011111000001100011
00111110100110011100011000110111
00111110100110011001110000011101
00111110100110010111001000010100
00111110100110010100100000011100
00111110100110010001111000110101
00111110100110001111010001100000
00111110100110001100101010011100
00111110100110001010000011101000
00111110100110000111011101000110
00111110100110000100110110110101
00111110100110000010010000110101
00111110100101111111101011000110
00111110100101111101000101101000
00111110100101111010100000011010
00111110100101110111111011011110
00111110100101110101010110110010
00111110100101110010110010010111
00111110100101110000001110001101
00111110100101101101101010010011
00111110100101101011000110101011
00111110100101101000100011010010
00111110100101100110000000001011
00111110100101100011011101010100
00111110100101100000111010101101
00111110100101011110011000010111
00111110100101011011110110010010
00111110100101011001010100011100
00111110100101010110110010111000
00111110100101010100010001100011
00111110100101010001110000011111
00111110100101001111001111101011
00111110100101001100101111001000
00111110100101001010001110110100
00111110100101000111101110110001
00111110100101000101001110111110
00111110100101000010101111011011
00111110100101000000010000001001
00111110100100111101110001000110
00111110100100111011010010010011
00111110100100111000110011110000
00111110100100110110010101011110
00111110100100110011110111011011
00111110100100110001011001101000
00111110100100101110111100000100
00111110100100101100011110110001
00111110100100101010000001101101
00111110100100100111100100111010
00111110100100100101001000010101
00111110100100100010101100000001
00111110100100100000001111111100
00111110100100011101110100000111
00111110100100011011011000100001
00111110100100011000111101001011
00111110100100010110100010000101
00111110100100010100000111001110
00111110100100010001101100100110
00111110100100001111010010001110
00111110100100001100111000000101
00111110100100001010011110001100
00111110100100001000000100100010
00111110100100000101101011000111
00111110100100000011010001111011
00111110100100000000111000111111
00111110100011111110100000010010
00111110100011111100000111110100
00111110100011111001101111100101
00111110100011110111010111100101
00111110100011110100111111110101
00111110100011110010101000010011
00111110100011110000010001000001
00111110100011101101111001111101
00111110100011101011100011001000
00111110100011101001001100100011
00111110100011100110110110001100
00111110100011100100100000000100
00111110100011100010001010001011
00111110100011011111110100100000
00111110100011011101011111000101
00111110100011011011001001111000
00111110100011011000110100111010
00111110100011010110100000001010
00111110100011010100001011101001
00111110100011010001110111010111
00111110100011001111100011010100
00111110100011001101001111011110
00111110100011001010111011111000
00111110100011001000101000100000
00111110100011000110010101010110
00111110100011000100000010011011
00111110100011000001101111101110
00111110100010111111011101010000
00111110100010111101001011000000
00111110100010111010111000111110
00111110100010111000100111001011
00111110100010110110010101100110
00111110100010110100000100001111
00111110100010110001110011000110
00111110100010101111100010001100
00111110100010101101010001011111
00111110100010101011000001000001
00111110100010101000110000110001
00111110100010100110100000101111
00111110100010100100010000111010
00111110100010100010000001010100
00111110100010011111110001111100
00111110100010011101100010110010
00111110100010011011010011110110
00111110100010011001000101000111
00111110100010010110110110100111
00111110100010010100101000010100
00111110100010010010011010001111
00111110100010010000001100011000
00111110100010001101111110101111
00111110100010001011110001010011
00111110100010001001100100000101
00111110100010000111010111000101
00111110100010000101001010010011
00111110100010000010111101101110
00111110100010000000110001010110
00111110100001111110100101001100
00111110100001111100011001010000
00111110100001111010001101100001
00111110100001111000000010000000
00111110100001110101110110101100
00111110100001110011101011100101
00111110100001110001100000101100
00111110100001101111010110000000
00111110100001101101001011100010
00111110100001101011000001010001
00111110100001101000110111001101
00111110100001100110101101010111
00111110100001100100100011101101
00111110100001100010011010010001
00111110100001100000010001000010
00111110100001011110001000000000
00111110100001011011111111001100
00111110100001011001110110100100
00111110100001010111101110001010
00111110100001010101100101111100
00111110100001010011011101111100
00111110100001010001010110001001
00111110100001001111001110100010
00111110100001001101000111001001
00111110100001001010111111111100
00111110100001001000111000111101
00111110100001000110110010001010
00111110100001000100101011100100
00111110100001000010100101001011
00111110100001000000011110111111
00111110100000111110011000111111
00111110100000111100010011001100
00111110100000111010001101100110
00111110100000111000001000001101
00111110100000110110000011000000
00111110100000110011111110000000
00111110100000110001111001001100
00111110100000101111110100100101
00111110100000101101110000001011
00111110100000101011101011111101
00111110100000101001100111111100
00111110100000100111100100000111
00111110100000100101100000011111
00111110100000100011011101000011
00111110100000100001011001110100
00111110100000011111010110110001
00111110100000011101010011111010
00111110100000011011010001010000
00111110100000011001001110110010
00111110100000010111001100100000
00111110100000010101001010011011
00111110100000010011001000100001
00111110100000010001000110110100
00111110100000001111000101010100
00111110100000001101000011111111
00111110100000001011000010110111
00111110100000001001000001111010
00111110100000000111000001001010
00111110100000000101000000100110
00111110100000000011000000001110
00111110100000000001000000000010
