111111111100000000000111111111111101
111111111000000000011111111111110100
111111110100000001000111111111101100
111111110000000001111111111111100100
111111101100000011000111111111011100
111111101000000100011111111111010100
111111100100000110000111111111001100
111111100000000111111111111111000100
111111011100001010000101111110111101
111111011000001100011101111110110100
111111010100001111000011111110101101
111111010000010001111001111110100101
111111001100010100111111111110011101
111111001000011000010101111110010101
111111000100011011111011111110001101
111111000000011111110001111110000101
111110111100100011110101111101111110
111110111000101000001001111101110110
111110110100101100101101111101101110
111110110000110001100001111101100110
111110101100110110100101111101011110
111110101000111011110111111101010111
111110100101000001011001111101001111
111110100001000111001011111101000111
111110011101001101001011111101000000
111110011001010011011101111100110111
111110010101011001111101111100110000
111110010001100000101011111100101001
111110001101100111101011111100100000
111110001001101110111001111100011001
111110000101110110010101111100010010
111110000001111110000011111100001001
111101111110000101111101111100000011
111101111010001110001001111011111010
111101110110010110100011111011110011
111101110010011111001101111011101011
111101101110101000000101111011100100
111101101010110001001101111011011100
111101100110111010100101111011010100
111101100011000100001011111011001101
111101011111001110000001111011000101
111101011011011000000101111010111110
111101010111100010010111111010110111
111101010011101100111011111010101110
111101001111110111101011111010101000
111101001100000010101101111010011111
111101001000001101111011111010011001
111101000100011001011001111010010001
111101000000100101000111111010001001
111100111100110001000011111010000010
111100111000111101001111111001111010
111100110101001001101001111001110011
111100110001010110010001111001101100
111100101101100011001001111001100100
111100101001110000001111111001011101
111100100101111101100101111001010101
111100100010001011001001111001001110
111100011110011000111011111001000111
111100011010100110111101111000111111
111100010110110101001101111000111000
111100010011000011101011111000110001
111100001111010010011001111000101001
111100001011100001010101111000100010
111100000111110000011111111000011011
111100000011111111111001111000010011
111100000000001111100001111000001100
111011111100011111010111111000000101
111011111000101111011011110111111110
111011110100111111101111110111110110
111011110001010000010001110111101111
111011101101100001000001110111101000
111011101001110001111111110111100001
111011100110000011001101110111011001
111011100010010100101001110111010010
111011011110100110010011110111001011
111011011010111000001011110111000100
111011010111001010010001110110111101
111011010011011100100111110110110101
111011001111101111001001110110101111
111011001100000001111011110110100111
111011001000010100111011110110100000
111011000100101000001001110110011001
111011000000111011100101110110010010
111010111101001111010001110110001010
111010111001100011001001110110000100
111010110101110111001111110101111101
111010110010001011100101110101110101
111010101110100000000111110101101111
111010101010110100111001110101100111
111010100111001001111001110101100000
111010100011011111000101110101011010
111010011111110100100001110101010010
111010011100001010001011110101001011
111010011000100000000011110101000100
111010010100110110000111110100111110
111010010001001100011011110100110110
111010001101100010111101110100101111
111010001001111001101011110100101001
111010000110010000101001110100100001
111010000010100111110011110100011011
111001111110111111001101110100010011
111001111011010110110011110100001101
111001110111101110101001110100000101
111001110100000110101011110011111111
111001110000011110111011110011111000
111001101100110111011001110011110001
111001101001010000000101110011101010
111001100101101000111101110011100100
111001100010000010000101110011011100
111001011110011011011001110011010110
111001011010110100111101110011001110
111001010111001110101101110011001000
111001010011101000101011110011000001
111001010000000010110111110010111010
111001001100011101001111110010110100
111001001000110111110101110010101101
111001000101010010101001110010100110
111001000001101101101011110010011111
111000111110001000111011110010011000
111000111010100100010111110010010010
111000110111000000000011110010001010
111000110011011011111001110010000101
111000101111110111111111110001111101
111000101100010100010001110001110111
111000101000110000110001110001110000
111000100101001101011111110001101001
111000100001101010011001110001100011
111000011110000111100011110001011011
111000011010100100110111110001010110
111000010111000010011011110001001110
111000010011100000001011110001001000
111000001111111110000111110001000010
111000001100011100010011110000111010
111000001000111010101011110000110100
111000000101011001001111110000101110
111000000001111000000011110000100110
110111111110010111000001110000100001
110111111010110110001111110000011001
110111110111010101101001110000010011
110111110011110101001111110000001101
110111110000010101000011110000000110
110111101100110101000101101111111111
110111101001010101010011101111111001
110111100101110101101111101111110010
110111100010010110010111101111101100
110111011110110111001101101111100101
110111011011011000001111101111011111
110111010111111001011111101111011000
110111010100011010111011101111010010
110111010000111100100101101111001011
110111001101011110011011101111000101
110111001010000000011101101110111111
110111000110100010101111101110110111
110111000011000101001011101110110010
110110111111100111110101101110101011
110110111100001010101101101110100100
110110111000101101101111101110011111
110110110101010001000001101110010111
110110110001110100011101101110010010
110110101110011000000111101110001011
110110101010111011111111101110000100
110110100111100000000011101101111110
110110100100000100010011101101111000
110110100000101000101111101101110010
110110011101001101011001101101101011
110110011001110010001111101101100101
110110010110010111010011101101011110
110110010010111100100011101101011000
110110001111100001111111101101010010
110110001100000111100111101101001100
110110001000101101011101101101000101
110110000101010011011111101100111111
110110000001111001101111101100111000
110101111110100000001001101100110011
110101111011000110110001101100101100
110101110111101101100101101100100110
110101110100010100100111101100011111
110101110000111011110011101100011010
110101101101100011001101101100010011
110101101010001010110011101100001101
110101100110110010100111101100000110
110101100011011010100101101100000001
110101100000000010110001101011111010
110101011100101011001001101011110100
110101011001010011101101101011101110
110101010101111100011101101011101000
110101010010100101011001101011100010
110101001111001110100011101011011011
110101001011110111111001101011010101
110101001000100001011001101011010000
110101000101001011000111101011001001
110101000001110101000011101011000010
110100111110011111001001101010111101
110100111011001001011011101010110111
110100110111110011111001101010110001
110100110100011110100101101010101010
110100110001001001011101101010100100
110100101101110100011111101010011111
110100101010011111101111101010011000
110100100111001011001011101010010010
110100100011110110110011101010001100
110100100000100010100101101010000111
110100011101001110100101101010000000
110100011001111010110001101001111010
110100010110100111001001101001110100
110100010011010011101101101001101110
110100010000000000011101101001101000
110100001100101101011001101001100010
110100001001011010100001101001011100
110100000110000111110101101001010110
110100000010110101010101101001010000
110011111111100011000001101001001010
110011111100010000110111101001000101
110011111000111110111011101000111110
110011110101101101001011101000111000
110011110010011011100111101000110010
110011101111001010001101101000101101
110011101011111000111111101000100111
110011101000100111111111101000100000
110011100101010111001001101000011011
110011100010000110011111101000010101
110011011110110110000001101000001111
110011011011100101101111101000001001
110011011000010101101001101000000011
110011010101000101101111100111111101
110011010001110101111111100111111000
110011001110100110011011100111110010
110011001011010111000011100111101100
110011001000000111110111100111100110
110011000100111000110111100111100000
110011000001101010000011100111011010
110010111110011011011001100111010101
110010111011001100111101100111001110
110010110111111110101011100111001001
110010110100110000100011100111000100
110010110001100010101001100110111101
110010101110010100111001100110111000
110010101011000111010101100110110010
110010100111111001111101100110101100
110010100100101100110001100110100110
110010100001011111101111100110100001
110010011110010010111001100110011011
110010011011000110001111100110010101
110010010111111001101111100110010000
110010010100101101011101100110001001
110010010001100001010101100110000100
110010001110010101010111100101111111
110010001011001001100101100101111001
110010000111111101111111100101110011
110010000100110010100101100101101101
110010000001100111010101100101101000
110001111110011100010001100101100010
110001111011010001011001100101011100
110001111000000110101011100101010111
110001110100111100001001100101010001
110001110001110001110011100101001011
110001101110100111100111100101000110
110001101011011101100101100101000001
110001101000010011110001100100111010
110001100101001010000111100100110101
110001100010000000100111100100110000
110001011110110111010011100100101010
110001011011101110001011100100100100
110001011000100101001101100100011111
110001010101011100011011100100011001
110001010010010011110011100100010100
110001001111001011010111100100001110
110001001100000011000111100100001000
110001001000111011000001100100000011
110001000101110011000101100011111110
110001000010101011010101100011111000
110000111111100011110001100011110010
110000111100011100010111100011101101
110000111001010101000111100011101000
110000110110001110000011100011100010
110000110011000111001011100011011100
110000110000000000011101100011010111
110000101100111001111001100011010010
110000101001110011100001100011001100
110000100110101101010011100011000111
110000100011100111010001100011000001
110000100000100001011001100010111100
110000011101011011101101100010110110
110000011010010110001011100010110001
110000010111010000110101100010101011
110000010100001011101001100010100110
110000010001000110100111100010100001
110000001110000001110001100010011011
110000001010111101000101100010010110
110000000111111000100011100010010001
110000000100110100001101100010001011
110000000001110000000011100010000101
101111111110101100000001100010000001
101111111011101000001011100001111011
101111111000100100011111100001110110
101111110101100000111111100001110000
101111110010011101101001100001101011
101111101111011010011101100001100110
101111101100010111011101100001100000
101111101001010100100111100001011011
101111100110010001111011100001010110
101111100011001111011011100001010000
101111100000001101000101100001001011
101111011101001010111001100001000110
101111011010001000110111100001000001
101111010111000111000001100000111011
101111010100000101010101100000110110
101111010001000011110011100000110001
101111001110000010011101100000101011
101111001011000001010001100000100110
101111001000000000001111100000100001
101111000100111111010111100000011100
101111000001111110101001100000010111
101110111110111110000111100000010001
101110111011111101101111100000001100
101110111000111101100001100000000111
101110110101111101011101100000000010
101110110010111101100101011111111100
101110101111111101110101011111111000
101110101100111110010001011111110010
101110101001111110110111011111101101
101110100110111111101001011111100111
101110100100000000100011011111100011
101110100001000001100111011111011110
101110011110000010110111011111011000
101110011011000100010001011111010011
101110011000000101110101011111001110
101110010101000111100011011111001001
101110010010001001011011011111000100
101110001111001011011111011110111110
101110001100001101101011011110111010
101110001001010000000011011110110100
101110000110010010100011011110110000
101110000011010101001111011110101010
101110000000011000000101011110100101
101101111101011011000101011110100000
101101111010011110001111011110011011
101101110111100001100011011110010110
101101110100100101000001011110010001
101101110001101000101001011110001100
101101101110101100011011011110000111
101101101011110000010111011110000010
101101101000110100011111011101111100
101101100101111000101111011101111000
101101100010111101001001011101110011
101101100000000001101101011101101110
101101011101000110011101011101101000
101101011010001011010101011101100100
101101010111010000010111011101011111
101101010100010101100101011101011001
101101010001011010111011011101010101
101101001110100000011011011101010000
101101001011100110000111011101001010
101101001000101011111011011101000110
101101000101110001111001011101000001
101101000010111000000001011100111100
101100111111111110010011011100110111
101100111101000100101111011100110010
101100111010001011010101011100101101
101100110111010010000101011100101000
101100110100011000111111011100100011
101100110001100000000011011100011110
101100101110100111001111011100011010
101100101011101110100111011100010100
101100101000110110000111011100010000
101100100101111101110001011100001011
101100100011000101100111011100000101
101100100000001101100101011100000001
101100011101010101101101011011111100
101100011010011101111101011011111000
101100010111100110011001011011110010
101100010100101110111111011011101101
101100010001110111101101011011101001
101100001111000000100101011011100100
101100001100001001100111011011011111
101100001001010010110011011011011010
101100000110011100001001011011010101
101100000011100101101001011011010000
101100000000101111010001011011001100
101011111101111001000011011011000111
101011111011000010111111011011000010
101011111000001101000101011010111101
101011110101010111010011011010111001
101011110010100001101101011010110011
101011101111101100001111011010101111
101011101100110110111011011010101010
101011101010000001101111011010100110
101011100111001100101111011010100000
101011100100010111110111011010011100
101011100001100011001001011010010111
101011011110101110100011011010010011
101011011011111010001001011010001101
101011011001000101110111011010001001
101011010110010001101111011010000100
101011010011011101101111011010000000
101011010000101001111001011001111011
101011001101110110001101011001110110
101011001011000010101011011001110001
101011001000001111010001011001101101
101011000101011100000011011001100111
101011000010101000111011011001100100
101010111111110101111111011001011110
101010111101000011001011011001011010
101010111010010000100001011001010101
101010110111011101111111011001010001
101010110100101011100111011001001100
101010110001111001011001011001000111
101010101111000111010011011001000011
101010101100010101010111011000111110
101010101001100011100101011000111001
101010100110110001111011011000110101
101010100100000000011011011000110000
101010100001001111000101011000101011
101010011110011101110111011000100111
101010011011101100110001011000100011
101010011000111011110111011000011101
101010010110001011000101011000011001
101010010011011010011011011000010101
101010010000101001111011011000010000
101010001101111001100101011000001011
101010001011001001010111011000000111
101010001000011001010011011000000010
101010000101101001010111010111111110
101010000010111001100101010111111001
101010000000001001111101010111110100
101001111101011010011101010111110000
101001111010101011000101010111101100
101001110111111011110111010111100111
101001110101001100110011010111100010
101001110010011101110111010111011110
101001101111101111000101010111011001
101001101101000000011011010111010101
101001101010010001111011010111010000
101001100111100011100011010111001100
101001100100110101010011010111001000
101001100010000111001111010111000010
101001011111011001010001010110111111
101001011100101011011101010110111010
101001011001111101110011010110110101
101001010111010000010001010110110001
101001010100100010110111010110101101
101001010001110101100111010110101000
101001001111001000100001010110100011
101001001100011011100011010110011111
101001001001101110101101010110011011
101001000111000010000001010110010110
101001000100010101011101010110010010
101001000001101001000011010110001101
101000111110111100110001010110001001
101000111100010000100111010110000101
101000111001100100100111010110000000
101000110110111000101111010101111100
101000110100001101000001010101110111
101000110001100001011011010101110011
101000101110110101111101010101101111
101000101100001010101001010101101010
101000101001011111011101010101100110
101000100110110100011011010101100001
101000100100001001100001010101011101
101000100001011110101111010101011001
101000011110110100000111010101010100
101000011100001001100111010101010000
101000011001011111001111010101001100
101000010110110101000001010101000111
101000010100001010111011010101000011
101000010001100000111101010100111111
101000001110110111001001010100111010
101000001100001101011101010100110110
101000001001100011111001010100110010
101000000110111010011101010100101110
101000000100010001001011010100101001
101000000001101000000011010100100100
100111111110111111000001010100100001
100111111100010110001001010100011100
100111111001101101011001010100011000
100111110111000100110001010100010100
100111110100011100010011010100001111
100111110001110011111101010100001011
100111101111001011101111010100000111
100111101100100011101001010100000011
100111101001111011101101010011111110
100111100111010011111001010011111010
100111100100101100001101010011110110
100111100010000100101011010011110001
100111011111011101001111010011101110
100111011100110101111101010011101001
100111011010001110110011010011100101
100111010111100111110001010011100001
100111010101000000111001010011011100
100111010010011010001001010011011000
100111001111110011100001010011010100
100111001101001101000001010011010000
100111001010100110101001010011001100
100111001000000000011011010011000111
100111000101011010010011010011000100
100111000010110100010101010010111111
100111000000001110011111010010111011
100110111101101000110001010010110111
100110111011000011001101010010110010
100110111000011101101111010010101111
100110110101111000011011010010101010
100110110011010011001111010010100110
100110110000101110001011010010100010
100110101110001001001111010010011110
100110101011100100011011010010011010
100110101000111111110001010010010101
100110100110011011001101010010010010
100110100011110110110011010010001101
100110100001010010100001010010001001
100110011110101110010111010010000101
100110011100001010010011010010000010
100110011001100110011011010001111100
100110010111000010101001010001111001
100110010100011110111111010001110101
100110010001111011011101010001110001
100110001111011000000101010001101100
100110001100110100110011010001101001
100110001010010001101011010001100100
100110000111101110101001010001100001
100110000101001011110001010001011100
100110000010101001000001010001011000
100110000000000110011001010001010100
100101111101100011111001010001010000
100101111011000001100001010001001100
100101111000011111001111010001001001
100101110101111101000111010001000100
100101110011011011000111010001000000
100101110000111001010001010000111011
100101101110010111100001010000111000
100101101011110101111001010000110100
100101101001010100011001010000110000
100101100110110011000001010000101100
100101100100010001110001010000101000
100101100001110000101001010000100100
100101011111001111101001010000100000
100101011100101110110001010000011100
100101011010001110000001010000011000
100101010111101101011001010000010100
100101010101001100111001010000010000
100101010010101100100001010000001100
100101010000001100010001010000001000
100101001101101100001001010000000100
100101001011001100001001010000000000
100101001000101100010001001111111100
100101000110001100011111001111111001
100101000011101100110111001111110100
100101000001001101010111001111110000
100100111110101101111101001111101101
100100111100001110101101001111101000
100100111001101111100011001111100101
100100110111010000100011001111100000
100100110100110001101001001111011101
100100110010010010110111001111011001
100100101111110100001101001111010101
100100101101010101101011001111010001
100100101010110111010001001111001101
100100101000011000111111001111001001
100100100101111010110011001111000110
100100100011011100110001001111000001
100100100000111110110101001110111110
100100011110100001000001001110111010
100100011100000011010101001110110110
100100011001100101110001001110110010
100100010111001000010101001110101110
100100010100101011000001001110101010
100100010010001101110101001110100110
100100001111110000101111001110100011
100100001101010011110001001110011111
100100001010110110111011001110011011
100100001000011010001101001110010111
100100000101111101100111001110010011
100100000011100001001001001110001111
100100000001000100110001001110001100
100011111110101000100001001110001000
100011111100001100011001001110000100
100011111001110000011001001110000000
100011110111010100100001001101111100
100011110100111000101111001101111001
100011110010011101000111001101110100
100011110000000001100101001101110001
100011101101100110001001001101101110
100011101011001010110111001101101001
100011101000101111101011001101100110
100011100110010100101001001101100001
100011100011111001101101001101011110
100011100001011110110111001101011011
100011011111000100001011001101010110
100011011100101001100101001101010011
100011011010001111000111001101001111
100011010111110100110001001101001011
100011010101011010100001001101001000
100011010011000000011001001101000100
100011010000100110011001001101000000
100011001110001100100001001100111100
100011001011110010101111001100111001
100011001001011001000101001100110101
100011000110111111100011001100110001
100011000100100110001001001100101101
100011000010001100110101001100101010
100010111111110011101001001100100110
100010111101011010100011001100100011
100010111011000001100111001100011110
100010111000101000110001001100011011
100010110110010000000011001100010111
100010110011110111011011001100010100
100010110001011110111011001100010000
100010101111000110100011001100001100
100010101100101110010001001100001001
100010101010010110000111001100000101
100010100111111110000101001100000001
100010100101100110001011001011111101
100010100011001110010111001011111010
100010100000110110101001001011110111
100010011110011111000101001011110010
100010011100000111100111001011101111
100010011001110000001111001011101100
100010010111011001000001001011100111
100010010101000001111001001011100100
100010010010101010110111001011100001
100010010000010011111101001011011101
100010001101111101001011001011011001
100010001011100110100001001011010101
100010001001001111111101001011010010
100010000110111001011111001011001111
100010000100100011001011001011001010
100010000010001100111011001011001000
100001111111110110110101001011000011
100001111101100000110101001011000000
100001111011001010111011001010111101
100001111000110101001011001010111000
100001110110011111011111001010110110
100001110100001001111101001010110001
100001110001110100100001001010101110
100001101111011111001011001010101011
100001101101001001111101001010100111
100001101010110100110111001010100011
100001101000011111110111001010100000
100001100110001010111111001010011100
100001100011110110001101001010011001
100001100001100001100011001010010101
100001011111001100111111001010010010
100001011100111000100011001010001110
100001011010100100001101001010001011
100001011000001111111111001010000111
100001010101111011110111001010000100
100001010011100111110111001010000000
100001010001010011111111001001111100
100001001111000000001101001001111001
100001001100101100100001001001110110
100001001010011000111101001001110010
100001001000000101100001001001101110
100001000101110010001011001001101011
100001000011011110111011001001101000
100001000001001011110011001001100100
100000111110111000110011001001100000
100000111100100101111001001001011101
100000111010010011000101001001011010
100000111000000000011001001001010110
100000110101101101110011001001010011
100000110011011011010101001001001111
100000110001001000111101001001001100
100000101110110110101101001001001000
100000101100100100100011001001000101
100000101010010010100001001001000001
100000101000000000100101001000111110
100000100101101110101111001000111011
100000100011011101000001001000110111
100000100001001011011011001000110011
100000011110111001111011001000110000
100000011100101000100001001000101101
100000011010010111001101001000101010
100000011000000110000011001000100101
100000010101110100111101001000100011
100000010011100011111111001000011111
100000010001010011000111001000011100
100000001111000010010111001000011000
100000001100110001101101001000010101
100000001010100001001011001000010001
100000001000010000101111001000001110
100000000110000000011001001000001011
100000000011110000001001001000001000
100000000001100000000011001000000011
011111111111010000000001001000000001
011111111101000000000111000111111101
011111111010110000010011000111111010
011111111000100000100111000111110110
011111110110010000111111000111110100
011111110100000001100001000111101111
011111110001110010000111000111101101
011111101111100010110101000111101001
011111101101010011101011000111100101
011111101011000100100101000111100011
011111101000110101100111000111011111
011111100110100110110001000111011011
011111100100010111111111000111011001
011111100010001001010101000111010101
011111011111111010110011000111010001
011111011101101100010101000111001111
011111011011011101111111000111001011
011111011001001111110001000111000111
011111010111000001100111000111000101
011111010100110011100101000111000001
011111010010100101101001000110111110
011111010000010111110101000110111010
011111001110001010000111000110110111
011111001011111100011111000110110100
011111001001101110111101000110110001
011111000111100001100011000110101101
011111000101010100001111000110101010
011111000011000111000001000110100111
011111000000111001111011000110100011
011110111110101100111001000110100001
011110111100011111111111000110011101
011110111010010011001101000110011001
011110111000000110011111000110010111
011110110101111001111001000110010011
011110110011101101011001000110010000
011110110001100001000001000110001100
011110101111010100101101000110001010
011110101101001000100001000110000110
011110101010111100011011000110000011
011110101000110000011011000110000000
011110100110100100100011000101111100
011110100100011000110001000101111001
011110100010001101000101000101110110
011110100000000001011111000101110011
011110011101110101111111000101110000
011110011011101010100111000101101100
011110011001011111010101000101101001
011110010111010100001001000101100110
011110010101001001000011000101100011
011110010010111110000101000101011111
011110010000110011001101000101011100
011110001110101000011001000101011010
011110001100011101101111000101010101
011110001010010011001001000101010011
011110001000001000101001000101010000
011110000101111110010001000101001100
011110000011110011111111000101001001
011110000001101001110011000101000110
011101111111011111101101000101000011
011101111101010101101101000101000000
011101111011001011110101000100111100
011101111001000010000001000100111010
011101110110111000010101000100110110
011101110100101110101111000100110011
011101110010100101001111000100110000
011101110000011011110101000100101101
011101101110010010100011000100101001
011101101100001001010101000100100111
011101101010000000001111000100100011
011101100111110111001111000100100000
011101100101101110010101000100011101
011101100011100101100001000100011010
011101100001011100110011000100010111
011101011111010100001011000100010100
011101011101001011101011000100010000
011101011011000011001111000100001110
011101011000111010111011000100001010
011101010110110010101101000100000111
011101010100101010100101000100000100
011101010010100010100011000100000001
011101010000011010100111000011111110
011101001110010010110001000011111011
011101001100001011000001000011111000
011101001010000011011001000011110100
011101000111111011110101000011110010
011101000101110100010111000011101111
011101000011101101000001000011101011
011101000001100101110001000011101000
011100111111011110100101000011100110
011100111101010111100001000011100010
011100111011010000100011000011011111
011100111001001001101011000011011100
011100110111000010111001000011011001
011100110100111100001101000011010110
011100110010110101100111000011010011
011100110000101111000111000011010000
011100101110101000101101000011001101
011100101100100010011011000011001001
011100101010011100001101000011000111
011100101000010110000101000011000100
011100100110010000000011000011000001
011100100100001010001001000010111101
011100100010000100010011000010111011
011100011111111110100101000010110111
011100011101111000111011000010110101
011100011011110011010111000010110010
011100011001101101111011000010101110
011100010111101000100011000010101100
011100010101100011010011000010101000
011100010011011110000111000010100110
011100010001011001000011000010100010
011100001111010100000011000010100000
011100001101001111001011000010011100
011100001011001010010111000010011010
011100001001000101101001000010010111
011100000111000001000011000010010011
011100000100111100100001000010010001
011100000010111000000111000010001101
011100000000110011110001000010001011
011011111110101111100001000010001000
011011111100101011011001000010000100
011011111010100111010101000010000010
011011111000100011010111000001111111
011011110110011111011111000001111100
011011110100011011101101000001111001
011011110010011000000011000001110101
011011110000010100011101000001110011
011011101110010000111101000001110000
011011101100001101100001000001101110
011011101010001010001101000001101010
011011101000000110111111000001100111
011011100110000011110111000001100100
011011100100000000110101000001100001
011011100001111101110111000001011111
011011011111111011000001000001011011
011011011101111000001111000001011001
011011011011110101100101000001010101
011011011001110010111111000001010011
011011010111110000011111000001010000
011011010101101110000101000001001101
011011010011101011110001000001001010
011011010001101001100011000001000111
011011001111100111011011000001000100
011011001101100101011001000001000001
011011001011100011011011000000111111
011011001001100001100101000000111011
011011000111011111110011000000111001
011011000101011110000111000000110110
011011000011011100100001000000110011
011011000001011011000011000000101111
011010111111011001100111000000101110
011010111101011000010011000000101010
011010111011010111000101000000100111
011010111001010101111011000000100101
011010110111010100111001000000100001
011010110101010011111011000000011111
011010110011010011000011000000011100
011010110001010010010001000000011001
011010101111010001100101000000010110
011010101101010000111111000000010011
011010101011010000011101000000010001
011010101001010000000011000000001101
011010100111001111101101000000001011
011010100101001111011101000000001000
011010100011001111010011000000000101
011010100001001111001101000000000011
011010011111001111001110111111111111
011010011101001111010100111111111101
011010011011001111100000111111111010
011010011001001111110010111111110111
011010010111010000001010111111110100
011010010101010000101000111111110001
011010010011010001001010111111101111
011010010001010001110100111111101011
011010001111010010100010111111101001
011010001101010011010110111111100110
011010001011010100001110111111100100
011010001001010101001110111111100000
011010000111010110010010111111011110
011010000101010111011100111111011011
011010000011011000101100111111011000
011010000001011010000010111111010101
011001111111011011011100111111010011
011001111101011100111100111111010000
011001111011011110100010111111001101
011001111001100000001110111111001010
011001110111100001111110111111001000
011001110101100011110110111111000100
011001110011100101110010111111000010
011001110001100111110100111110111111
011001101111101001111010111110111101
011001101101101100000110111110111010
011001101011101110011010111110110110
011001101001110000110000111110110101
011001100111110011001110111110110001
011001100101110101110000111110101111
011001100011111000011000111110101100
011001100001111011000110111110101001
011001011111111101111010111110100110
011001011110000000110010111110100100
011001011100000011110000111110100001
011001011010000110110100111110011110
011001011000001001111100111110011100
011001010110001101001010111110011001
011001010100010000011110111110010110
011001010010010011111000111110010011
011001010000010111010110111110010001
011001001110011010111010111110001110
011001001100011110100100111110001011
011001001010100010010100111110001000
011001001000100110001000111110000110
011001000110101010000010111110000011
011001000100101110000000111110000001
011001000010110010000110111101111101
011001000000110110010000111101111011
011000111110111010011110111101111001
011000111100111110110100111101110101
011000111011000011001110111101110011
011000111001000111101100111101110001
011000110111001100010010111101101101
011000110101010000111100111101101011
011000110011010101101100111101101000
011000110001011010100000111101100110
011000101111011111011010111101100011
011000101101100100011010111101100000
011000101011101001011110111101011110
011000101001101110101000111101011011
011000100111110011111000111101011000
011000100101111001001110111101010101
011000100011111110101000111101010011
011000100010000100000110111101010001
011000100000001001101100111101001101
011000011110001111010110111101001011
011000011100010101000100111101001001
011000011010011010111000111101000110
011000011000100000110010111101000011
011000010110100110110010111101000000
011000010100101100110110111100111110
011000010010110011000000111100111011
011000010000111001001110111100111001
011000001110111111100010111100110110
011000001101000101111100111100110011
011000001011001100011010111100110001
011000001001010010111110111100101110
011000000111011001101000111100101011
011000000101100000010110111100101001
011000000011100111001010111100100110
011000000001101110000010111100100100
010111111111110101000000111100100001
010111111101111100000010111100011111
010111111100000011001100111100011011
010111111010001010011000111100011010
010111111000010001101100111100010110
010111110110011001000010111100010101
010111110100100000100000111100010001
010111110010101000000010111100001111
010111110000101111101010111100001100
010111101110110111010110111100001010
010111101100111111001000111100000111
010111101011000110111110111100000101
010111101001001110111010111100000010
010111100111010110111100111011111111
010111100101011111000010111011111101
010111100011100111001100111011111011
010111100001101111011110111011110111
010111011111110111110010111011110110
010111011110000000001110111011110010
010111011100001000101110111011110000
010111011010010001010010111011101110
010111011000011001111100111011101011
010111010110100010101010111011101001
010111010100101011100000111011100101
010111010010110100011000111011100100
010111010000111101010110111011100001
010111001111000110011010111011011110
010111001101001111100010111011011100
010111001011011000110000111011011001
010111001001100010000010111011010111
010111000111101011011010111011010100
010111000101110100110110111011010010
010111000011111110011000111011001111
010111000010001000000000111011001100
010111000000010001101010111011001011
010110111110011011011100111011000111
010110111100100101010010111011000101
010110111010101111001100111011000011
010110111000111001001100111011000000
010110110111000011010000111010111110
010110110101001101011010111010111011
010110110011010111101010111010111000
010110110001100001111110111010110110
010110101111101100010110111010110100
010110101101110110110100111010110001
010110101100000001010110111010101111
010110101010001011111110111010101100
010110101000010110101010111010101010
010110100110100001011100111010100111
010110100100101100010010111010100101
010110100010110111001110111010100010
010110100001000010001110111010100000
010110011111001101010100111010011101
010110011101011000011110111010011011
010110011011100011101110111010011000
010110011001101111000010111010010110
010110010111111010011100111010010011
010110010110000101111010111010010001
010110010100010001011100111010001111
010110010010011101000100111010001100
010110010000101000110010111010001001
010110001110110100100010111010001000
010110001101000000011010111010000100
010110001011001100010100111010000011
010110001001011000010110111001111111
010110000111100100011010111001111110
010110000101110000100100111001111011
010110000011111100110100111001111000
010110000010001001001000111001110110
010110000000010101100000111001110100
010101111110100001111110111001110001
010101111100101110100000111001101111
010101111010111011000110111001101101
010101111001000111110010111001101010
010101110111010100100100111001100111
010101110101100001011010111001100101
010101110011101110010100111001100011
010101110001111011010100111001100000
010101110000001000011000111001011110
010101101110010101100000111001011100
010101101100100010101110111001011001
010101101010110000000010111001010110
010101101000111101011000111001010101
010101100111001010110100111001010010
010101100101011000010110111001001111
010101100011100101111100111001001101
010101100001110011100110111001001011
010101100000000001010110111001001000
010101011110001111001010111001000110
010101011100011101000010111001000100
010101011010101011000000111001000001
010101011000111001000010111000111111
010101010111000111001010111000111100
010101010101010101010110111000111010
010101010011100011100110111000111000
010101010001110001111010111000110110
010101010000000000010110111000110010
010101001110001110110100111000110001
010101001100011101011000111000101110
010101001010101100000000111000101100
010101001000111010101100111000101010
010101000111001001011110111000100111
010101000101011000010100111000100101
010101000011100111010000111000100010
010101000001110110010000111000100000
010101000000000101010100111000011110
010100111110010100011100111000011100
010100111100100011101010111000011001
010100111010110010111110111000010110
010100111001000010010100111000010101
010100110111010001110000111000010010
010100110101100001010000111000010000
010100110011110000110110111000001101
010100110010000000100000111000001011
010100110000010000001110111000001001
010100101110100000000010111000000110
010100101100101111111000111000000101
010100101010111111110110111000000001
010100101001001111110110111000000000
010100100111011111111100110111111101
010100100101110000000110110111111011
010100100100000000010100110111111001
010100100010010000101000110111110110
010100100000100001000000110111110100
010100011110110001011110110111110001
010100011101000001111110110111110000
010100011011010010100100110111101101
010100011001100011001110110111101011
010100010111110011111110110111101000
010100010110000100110010110111100110
010100010100010101101010110111100100
010100010010100110100110110111100010
010100010000110111101000110111011111
010100001111001000101110110111011101
010100001101011001111000110111011011
010100001011101011001000110111011000
010100001001111100011010110111010111
010100001000001101110100110111010011
010100000110011111010000110111010010
010100000100110000110000110111010000
010100000011000010010110110111001101
010100000001010100000010110111001010
010011111111100101110000110111001001
010011111101110111100100110111000110
010011111100001001011100110111000100
010011111010011011011000110111000010
010011111000101101011000110111000000
010011110110111111011110110110111101
010011110101010001101000110110111011
010011110011100011110110110110111001
010011110001110110001000110110110111
010011110000001000100000110110110100
010011101110011010111100110110110010
010011101100101101011100110110110000
010011101011000000000010110110101101
010011101001010010101010110110101100
010011100111100101011000110110101001
010011100101111000001010110110100111
010011100100001011000000110110100101
010011100010011101111100110110100010
010011100000110000111100110110100000
010011011111000100000000110110011110
010011011101010111001000110110011100
010011011011101010010100110110011010
010011011001111101100110110110010111
010011011000010000111100110110010101
010011010110100100010110110110010011
010011010100110111110100110110010001
010011010011001011011000110110001110
010011010001011110111110110110001101
010011001111110010101010110110001010
010011001110000110011010110110001000
010011001100011010010000110110000101
010011001010101110001000110110000100
010011001001000010000110110110000001
010011000111010110001000110101111111
010011000101101010001110110101111101
010011000011111110011000110101111011
010011000010010010100110110101111001
010011000000100110111010110101110110
010010111110111011010010110101110100
010010111101001111101110110101110010
010010111011100100001110110101110000
010010111001111000110010110101101110
010010111000001101011100110101101011
010010110110100010001000110101101010
010010110100110110111010110101100111
010010110011001011110000110101100101
010010110001100000101100110101100010
010010101111110101101010110101100001
010010101110001010101100110101011111
010010101100011111110100110101011100
010010101010110101000000110101011010
010010101001001010010000110101011000
010010100111011111100100110101010110
010010100101110100111100110101010100
010010100100001010011010110101010001
010010100010011111111010110101010000
010010100000110101100000110101001101
010010011111001011001010110101001011
010010011101100000111000110101001001
010010011011110110101010110101000111
010010011010001100100000110101000101
010010011000100010011100110101000010
010010010110111000011010110101000001
010010010101001110011110110100111110
010010010011100100100110110100111100
010010010001111010110010110100111010
010010010000010001000010110100111000
010010001110100111010110110100110110
010010001100111101101110110100110100
010010001011010100001100110100110001
010010001001101010101100110100110000
010010001000000001010010110100101101
010010000110010111111100110100101011
010010000100101110101010110100101001
010010000011000101011100110100100111
010010000001011100010010110100100101
010001111111110011001100110100100011
010001111110001010001010110100100001
010001111100100001001110110100011110
010001111010111000010100110100011101
010001111001001111100000110100011010
010001110111100110101110110100011001
010001110101111110000010110100010110
010001110100010101011010110100010100
010001110010101100110110110100010010
010001110001000100010110110100010000
010001101111011011111010110100001110
010001101101110011100100110100001011
010001101100001011010000110100001010
010001101010100011000000110100001000
010001101000111010110110110100000101
010001100111010010101110110100000100
010001100101101010101100110100000001
010001100100000010101110110011111111
010001100010011010110010110011111110
010001100000110010111100110011111011
010001011111001011001010110011111001
010001011101100011011100110011110111
010001011011111011110010110011110101
010001011010010100001100110011110011
010001011000101100101010110011110001
010001010111000101001100110011101111
010001010101011101110100110011101100
010001010011110110011110110011101011
010001010010001111001100110011101001
010001010000101000000000110011100110
010001001111000000110110110011100101
010001001101011001110010110011100010
010001001011110010110000110011100001
010001001010001011110100110011011110
010001001000100100111010110011011101
010001000110111110000110110011011010
010001000101010111010110110011011000
010001000011110000101000110011010111
010001000010001010000000110011010100
010001000000100011011100110011010010
010000111110111100111100110011010000
010000111101010110100000110011001110
010000111011110000001000110011001100
010000111010001001110010110011001011
010000111000100011100010110011001000
010000110110111101010110110011000110
010000110101010111001110110011000100
010000110011110001001010110011000010
010000110010001011001010110011000000
010000110000100101001110110010111110
010000101110111111010110110010111100
010000101101011001100010110010111010
010000101011110011110010110010111000
010000101010001110000110110010110110
010000101000101000011110110010110100
010000100111000010111010110010110010
010000100101011101011010110010110000
010000100011110111111110110010101110
010000100010010010100110110010101100
010000100000101101010010110010101010
010000011111001000000010110010101000
010000011101100010110110110010100110
010000011011111101101110110010100100
010000011010011000101010110010100010
010000011000110011101010110010100000
010000010111001110101110110010011110
010000010101101001110110110010011100
010000010100000101000010110010011010
010000010010100000010000110010011001
010000010000111011100100110010010110
010000001111010110111100110010010100
010000001101110010011000110010010010
010000001100001101110110110010010001
010000001010101001011010110010001110
010000001001000101000010110010001100
010000000111100000101100110010001011
010000000101111100011100110010001000
010000000100011000010000110010000110
010000000010110100000110110010000101
010000000001010000000010110010000010
001111111111101100000000110010000001
001111111110001000000010110001111111
001111111100100100001010110001111100
001111111011000000010100110001111011
001111111001011100100010110001111001
001111110111111000110100110001110111
001111110110010101001010110001110101
001111110100110001100100110001110011
001111110011001110000010110001110001
001111110001101010100100110001101111
001111110000000111001010110001101101
001111101110100011110100110001101011
001111101101000000100010110001101001
001111101011011101010010110001101000
001111101001111010001000110001100101
001111101000010111000000110001100100
001111100110110011111110110001100001
001111100101010000111110110001100000
001111100011101110000100110001011101
001111100010001011001100110001011100
001111100000101000011000110001011010
001111011111000101101000110001011000
001111011101100010111100110001010110
001111011100000000010100110001010100
001111011010011101110000110001010010
001111011000111011001110110001010001
001111010111011000110010110001001110
001111010101110110011000110001001101
001111010100010100000100110001001010
001111010010110001110010110001001001
001111010001001111100100110001000111
001111001111101101011100110001000100
001111001110001011010110110001000011
001111001100101001010010110001000010
001111001011000111010100110000111111
001111001001100101011010110000111101
001111001000000011100100110000111011
001111000110100001110000110000111010
001111000101000000000000110000111000
001111000011011110010110110000110101
001111000001111100101110110000110100
001111000000011011001010110000110010
001110111110111001101010110000110000
001110111101011000001110110000101110
001110111011110110110100110000101101
001110111010010101100000110000101010
001110111000110100001110110000101001
001110110111010011000010110000100110
001110110101110001111000110000100101
001110110100010000110010110000100011
001110110010101111110000110000100001
001110110001001110110000110000100000
001110101111101101110110110000011101
001110101110001101000000110000011011
001110101100101100001100110000011010
001110101011001011011100110000011000
001110101001101010110000110000010110
001110101000001010001000110000010100
001110100110101001100100110000010010
001110100101001001000100110000010000
001110100011101000100110110000001111
001110100010001000001100110000001101
001110100000100111111000110000001010
001110011111000111100110110000001001
001110011101100111011000110000000111
001110011100000111001100110000000110
001110011010100111000110110000000011
001110011001000111000010110000000010
001110010111100111000100101111111111
001110010110000111001000101111111110
001110010100100111001110101111111101
001110010011000111011010101111111010
001110010001100111101010101111111000
001110010000000111111100101111110111
001110001110101000010010101111110101
001110001101001000101100101111110011
001110001011101001001010101111110001
001110001010001001101100101111101111
001110001000101010010010101111101101
001110000111001010111010101111101100
001110000101101011100110101111101010
001110000100001100010110101111101000
001110000010101101001010101111100110
001110000001001110000000101111100101
001101111111101110111100101111100010
001101111110001111111010101111100001
001101111100110000111100101111011111
001101111011010010000010101111011101
001101111001110011001100101111011011
001101111000010100011000101111011010
001101110110110101101000101111011000
001101110101010110111100101111010110
001101110011111000010100101111010100
001101110010011001110000101111010010
001101110000111011001110101111010001
001101101111011100110010101111001110
001101101101111110011000101111001101
001101101100100000000000101111001100
001101101011000001101110101111001001
001101101001100011100000101111000111
001101101000000101010100101111000110
001101100110100111001100101111000100
001101100101001001000110101111000011
001101100011101011000110101111000000
001101100010001101001000101110111111
001101100000101111001110101110111101
001101011111010001011000101110111011
001101011101110011100110101110111001
001101011100010101110110101110111000
001101011010111000001010101110110110
001101011001011010100010101110110100
001101010111111100111110101110110010
001101010110011111011110101110110000
001101010101000010000000101110101111
001101010011100100100110101110101101
001101010010000111010000101110101011
001101010000101001111100101110101010
001101001111001100101110101110100111
001101001101101111100010101110100110
001101001100010010011000101110100101
001101001010110101010100101110100010
001101001001011000010010101110100001
001101000111111011010100101110011111
001101000110011110011010101110011101
001101000101000001100100101110011011
001101000011100100110000101110011010
001101000010001000000000101110011000
001101000000101011010100101110010110
001100111111001110101100101110010100
001100111101110010000110101110010011
001100111100010101100100101110010001
001100111010111001000110101110001111
001100111001011100101010101110001110
001100111000000000010100101110001011
001100110110100011111110101110001011
001100110101000111101110101110001000
001100110011101011100010101110000110
001100110010001111011000101110000101
001100110000110011010010101110000011
001100101111010111001110101110000010
001100101101111011010000101101111111
001100101100011111010100101101111110
001100101011000011011100101101111100
001100101001100111100110101101111011
001100101000001011110100101101111001
001100100110110000000110101101110111
001100100101010100011100101101110101
001100100011111000110100101101110100
001100100010011101010000101101110010
001100100001000001110000101101110000
001100011111100110010100101101101110
001100011110001010111010101101101101
001100011100101111100100101101101011
001100011011010100010000101101101010
001100011001111001000010101101100111
001100011000011101110110101101100110
001100010111000010101100101101100101
001100010101100111101000101101100010
001100010100001100100110101101100001
001100010010110001101000101101011111
001100010001010110101100101101011110
001100001111111011110100101101011100
001100001110100001000000101101011010
001100001101000110010000101101011000
001100001011101011100010101101010111
001100001010010000111000101101010101
001100001000110110010010101101010011
001100000111011011101110101101010010
001100000110000001001110101101010000
001100000100100110110010101101001110
001100000011001100011000101101001101
001100000001110010000010101101001011
001100000000010111110000101101001001
001011111110111101100000101101001000
001011111101100011010100101101000110
001011111100001001001100101101000100
001011111010101111001000101101000010
001011111001010101000110101101000001
001011110111111011000110101101000000
001011110110100001001100101100111101
001011110101000111010100101100111100
001011110011101101100000101100111010
001011110010010011101110101100111001
001011110000111010000000101100110111
001011101111100000010110101100110101
001011101110000110101110101100110100
001011101100101101001010101100110010
001011101011010011101010101100110000
001011101001111010001100101100101111
001011101000100000110010101100101101
001011100111000111011100101100101011
001011100101101110001000101100101010
001011100100010100111000101100101000
001011100010111011101100101100100110
001011100001100010100010101100100101
001011100000001001011100101100100011
001011011110110000011000101100100010
001011011101010111011010101100011111
001011011011111110011100101100011111
001011011010100101100100101100011100
001011011001001100101110101100011011
001011010111110011111100101100011001
001011010110011011001100101100011000
001011010101000010100000101100010110
001011010011101001111000101100010100
001011010010010001010010101100010011
001011010000111000110000101100010001
001011001111100000010000101100010000
001011001110000111110100101100001110
001011001100101111011100101100001100
001011001011010111000110101100001011
001011001001111110110100101100001001
001011001000100110100110101100000111
001011000111001110011010101100000110
001011000101110110010010101100000100
001011000100011110001100101100000011
001011000011000110001010101100000001
001011000001101110001100101011111111
001011000000010110010000101011111110
001010111110111110011000101011111100
001010111101100110100100101011111010
001010111100001110110010101011111001
001010111010110111000100101011110111
001010111001011111011000101011110110
001010111000000111110000101011110100
001010110110110000001010101011110011
001010110101011000101010101011110000
001010110100000001001010101011110000
001010110010101001110000101011101101
001010110001010010011000101011101100
001010101111111011000010101011101011
001010101110100011110000101011101001
001010101101001100100010101011100111
001010101011110101010110101011100110
001010101010011110001110101011100100
001010101001000111001000101011100011
001010100111110000001000101011100000
001010100110011001001000101011100000
001010100101000010001100101011011110
001010100011101011010100101011011100
001010100010010100100000101011011010
001010100000111101101110101011011001
001010011111100110111110101011011000
001010011110010000010010101011010110
001010011100111001101010101011010100
001010011011100011000100101011010011
001010011010001100100010101011010001
001010011000110110000010101011010000
001010010111011111100110101011001110
001010010110001001001110101011001100
001010010100110010111000101011001011
001010010011011100100110101011001001
001010010010000110010110101011001000
001010010000110000001010101011000110
001010001111011010000000101011000101
001010001110000011111010101011000011
001010001100101101111000101011000001
001010001011010111111000101011000000
001010001010000001111010101010111111
001010001000101100000000101010111101
001010000111010110001010101010111011
001010000110000000010110101010111010
001010000100101010100110101010111000
001010000011010100111010101010110110
001010000001111111010000101010110101
001010000000101001101000101010110100
001001111111010100000100101010110010
001001111101111110100100101010110000
001001111100101001000110101010101111
001001111011010011101010101010101110
001001111001111110010100101010101011
001001111000101000111110101010101011
001001110111010011101110101010101000
001001110101111110011110101010101000
001001110100101001010100101010100101
001001110011010100001100101010100100
001001110001111111000110101010100011
001001110000101010000100101010100001
001001101111010101000110101010011111
001001101110000000001010101010011110
001001101100101011010000101010011101
001001101011010110011010101010011011
001001101010000001101000101010011001
001001101000101100111000101010011000
001001100111011000001010101010010111
001001100110000011100010101010010100
001001100100101110111010101010010100
001001100011011010010110101010010010
001001100010000101110110101010010000
001001100000110001011000101010001111
001001011111011100111110101010001101
001001011110001000100110101010001100
001001011100110100010010101010001010
001001011011100000000000101010001001
001001011010001011110010101010000111
001001011000110111101000101010000101
001001010111100011011110101010000101
001001010110001111011010101010000010
001001010100111011011000101010000001
001001010011100111011000101010000000
001001010010010011011100101001111110
001001010000111111100010101001111101
001001001111101011101100101001111011
001001001110010111111000101001111010
001001001101000100001000101001111000
001001001011110000011010101001110111
001001001010011100110000101001110101
001001001001001001001000101001110100
001001000111110101100100101001110010
001001000110100010000100101001110000
001001000101001110100100101001110000
001001000011111011001010101001101101
001001000010100111110000101001101101
001001000001010100011100101001101010
001001000000000001001000101001101010
001000111110101101111010101001100111
001000111101011010101100101001100111
001000111100000111100100101001100100
001000111010110100011100101001100100
001000111001100001011000101001100010
001000111000001110011000101001100000
001000110110111011011010101001011111
001000110101101000100000101001011101
001000110100010101101000101001011100
001000110011000010110010101001011011
001000110001110000000000101001011001
001000110000011101010010101001010111
001000101111001010100110101001010110
001000101101110111111100101001010101
001000101100100101010110101001010011
001000101011010010110010101001010010
001000101010000000010010101001010000
001000101000101101110100101001001111
001000100111011011011010101001001101
001000100110001001000010101001001100
001000100100110110101110101001001010
001000100011100100011100101001001001
001000100010010010001100101001001000
001000100001000000000000101001000110
001000011111101101111000101001000100
001000011110011011110010101001000011
001000011101001001101110101001000010
001000011011110111101110101001000000
001000011010100101110000101000111111
001000011001010011110110101000111101
001000011000000001111110101000111100
001000010110110000001010101000111010
001000010101011110011000101000111001
001000010100001100101000101000111000
001000010010111010111100101000110110
001000010001101001010100101000110100
001000010000010111101110101000110011
001000001111000110001010101000110010
001000001101110100101010101000110000
001000001100100011001100101000101111
001000001011010001110000101000101110
001000001010000000011000101000101100
001000001000101111000100101000101010
001000000111011101110010101000101001
001000000110001100100010101000101000
001000000100111011010110101000100110
001000000011101010001100101000100101
001000000010011001000100101000100100
001000000001001000000000101000100010
000111111111110111000000101000100000
000111111110100110000010101000011111
000111111101010101000110101000011110
000111111100000100001110101000011100
000111111010110011011000101000011011
000111111001100010100100101000011010
000111111000010001110100101000011000
000111110111000001001000101000010110
000111110101110000011110101000010101
000111110100011111110110101000010100
000111110011001111010000101000010011
000111110001111110110000101000010000
000111110000101110010000101000010000
000111101111011101110100101000001110
000111101110001101011010101000001101
000111101100111101000100101000001011
000111101011101100110000101000001010
000111101010011100011110101000001001
000111101001001100010000101000000111
000111100111111100000110101000000101
000111100110101011111100101000000101
000111100101011011110110101000000011
000111100100001011110100101000000001
000111100010111011110100101000000000
000111100001101011110110100111111111
000111100000011011111100100111111101
000111011111001100000100100111111100
000111011101111100001110100111111011
000111011100101100011100100111111001
000111011011011100101100100111111000
000111011010001101000000100111110110
000111011000111101010110100111110101
000111010111101101110000100111110011
000111010110011110001010100111110011
000111010101001110101010100111110000
000111010011111111001010100111110000
000111010010101111101110100111101110
000111010001100000010100100111101101
000111010000010000111110100111101011
000111001111000001101010100111101010
000111001101110010011010100111101000
000111001100100011001100100111100111
000111001011010100000000100111100110
000111001010000100111000100111100100
000111001000110101110010100111100011
000111000111100110101110100111100010
000111000110010111101110100111100000
000111000101001000110000100111011111
000111000011111001110100100111011110
000111000010101010111100100111011100
000111000001011100000110100111011011
000111000000001101010100100111011001
000110111110111110100100100111011000
000110111101101111110110100111010111
000110111100100001001100100111010101
000110111011010010100100100111010100
000110111010000011111110100111010011
000110111000110101011100100111010001
000110110111100110111100100111010000
000110110110011000100000100111001110
000110110101001010000110100111001101
000110110011111011101110100111001100
000110110010101101011000100111001011
000110110001011111000110100111001001
000110110000010000110110100111001000
000110101111000010101010100111000110
000110101101110100100000100111000101
000110101100100110011000100111000100
000110101011011000010100100111000010
000110101010001010010010100111000001
000110101000111100010010100111000000
000110100111101110010110100110111110
000110100110100000011100100110111101
000110100101010010100100100110111100
000110100100000100110000100110111010
000110100010110110111110100110111001
000110100001101001010000100110110111
000110100000011011100010100110110111
000110011111001101111000100110110101
000110011110000000010010100110110011
000110011100110010101100100110110011
000110011011100101001100100110110000
000110011010010111101100100110110000
000110011001001010010000100110101110
000110010111111100110110100110101101
000110010110101111011110100110101100
000110010101100010001010100110101010
000110010100010100111000100110101001
000110010011000111101000100110101000
000110010001111010011100100110100110
000110010000101101010010100110100101
000110001111100000001010100110100100
000110001110010011000110100110100010
000110001101000110000100100110100001
000110001011111001000100100110100000
000110001010101100001000100110011110
000110001001011111001110100110011101
000110001000010010010110100110011100
000110000111000101100010100110011010
000110000101111000110000100110011001
000110000100101100000000100110011000
000110000011011111010010100110010111
000110000010010010101000100110010101
000110000001000110000000100110010100
000101111111111001011100100110010010
000101111110101100111010100110010001
000101111101100000011010100110010000
000101111100010011111100100110001111
000101111011000111100010100110001101
000101111001111011001010100110001100
000101111000101110110100100110001011
000101110111100010100010100110001001
000101110110010110010010100110001000
000101110101001010000100100110000111
000101110011111101111000100110000110
000101110010110001110000100110000100
000101110001100101101010100110000011
000101110000011001101000100110000001
000101101111001101100110100110000001
000101101110000001101000100101111111
000101101100110101101100100101111110
000101101011101001110100100101111100
000101101010011101111110100101111011
000101101001010010001010100101111010
000101101000000110011000100101111001
000101100110111010101010100101110111
000101100101101110111110100101110110
000101100100100011010100100101110101
000101100011010111101110100101110011
000101100010001100001010100101110010
000101100001000000101000100101110001
000101011111110101001000100101110000
000101011110101001101100100101101110
000101011101011110010010100101101101
000101011100010010111010100101101100
000101011011000111100110100101101010
000101011001111100010100100101101001
000101011000110001000100100101101000
000101010111100101110110100101100111
000101010110011010101100100101100101
000101010101001111100100100101100100
000101010100000100011110100101100011
000101010010111001011010100101100010
000101010001101110011010100101100000
000101010000100011011100100101011111
000101001111011000100000100101011110
000101001110001101101000100101011100
000101001101000010110010100101011011
000101001011110111111110100101011010
000101001010101101001100100101011001
000101001001100010011110100101010111
000101001000010111110000100101010111
000101000111001101000110100101010101
000101000110000010100000100101010011
000101000100110111111010100101010011
000101000011101101011000100101010001
000101000010100010111000100101010000
000101000001011000011100100101001110
000101000000001110000000100101001110
000100111111000011101000100101001100
000100111101111001010010100101001011
000100111100101111000000100101001001
000100111011100100110000100101001000
000100111010011010100000100101001000
000100111001010000010110100101000101
000100111000000110001100100101000101
000100110110111100000110100101000011
000100110101110010000000100101000011
000100110100101000000000100101000000
000100110011011110000000100101000000
000100110010010100000100100100111110
000100110001001010001000100100111110
000100110000000000010010100100111011
000100101110110110011100100100111011
000100101101101100101000100100111010
000100101100100010111000100100111000
000100101011011001001010100100110111
000100101010001111100000100100110101
000100101001000101110110100100110101
000100100111111100010000100100110011
000100100110110010101100100100110010
000100100101101001001010100100110001
000100100100011111101010100100110000
000100100011010110001110100100101110
000100100010001100110100100100101101
000100100001000011011100100100101100
000100011111111010001000100100101010
000100011110110000110100100100101010
000100011101100111100100100100101000
000100011100011110010110100100100111
000100011011010101001010100100100110
000100011010001100000010100100100100
000100011001000010111010100100100100
000100010111111001110110100100100010
000100010110110000110100100100100001
000100010101100111110110100100011111
000100010100011110111000100100011111
000100010011010101111110100100011101
000100010010001101000110100100011100
000100010001000100010000100100011011
000100001111111011011110100100011001
000100001110110010101110100100011000
000100001101101001111110100100011000
000100001100100001010010100100010110
000100001011011000101010100100010100
000100001010010000000010100100010100
000100001001000111011110100100010010
000100000111111110111100100100010001
000100000110110110011100100100010000
000100000101101101111110100100001111
000100000100100101100100100100001101
000100000011011101001100100100001100
000100000010010100110100100100001100
000100000001001100100010100100001001
000100000000000100010000100100001001
000011111110111100000000100100001000
000011111101110011110100100100000110
000011111100101011101010100100000101
000011111011100011100010100100000100
000011111010011011011110100100000010
000011111001010011011010100100000010
000011111000001011011010100100000000
000011110111000011011100100011111111
000011110101111011100000100011111110
000011110100110011100110100011111101
000011110011101011110000100011111011
000011110010100011111010100011111011
000011110001011100001000100011111001
000011110000010100011000100011111000
000011101111001100101010100011110111
000011101110000101000000100011110101
000011101100111101010110100011110101
000011101011110101110000100011110011
000011101010101110001100100011110010
000011101001100110101010100011110001
000011101000011111001100100011101111
000011100111010111101110100011101111
000011100110010000010100100011101101
000011100101001000111100100011101100
000011100100000001100110100011101011
000011100010111010010010100011101010
000011100001110011000000100011101001
000011100000101011110010100011100111
000011011111100100100110100011100110
000011011110011101011010100011100110
000011011101010110010100100011100011
000011011100001111001110100011100011
000011011011001000001010100011100010
000011011010000001001010100011100000
000011011000111010001100100011011111
000011010111110011001110100011011111
000011010110101100010110100011011100
000011010101100101011110100011011100
000011010100011110101000100011011011
000011010011010111110110100011011001
000011010010010001000110100011011000
000011010001001010011000100011010111
000011010000000011101100100011010110
000011001110111101000010100011010101
000011001101110110011010100011010100
000011001100101111110110100011010010
000011001011101001010100100011010001
000011001010100010110010100011010001
000011001001011100010100100011001111
000011001000010101111010100011001101
000011000111001111100000100011001101
000011000110001001001000100011001100
000011000101000010110100100011001010
000011000011111100100010100011001001
000011000010110110010010100011001000
000011000001110000000100100011000111
000011000000101001111000100011000110
000010111111100011110000100011000100
000010111110011101101000100011000100
000010111101010111100100100011000010
000010111100010001100010100011000001
000010111011001011100010100011000000
000010111010000101100100100010111111
000010111000111111101000100010111110
000010110111111001101110100010111101
000010110110110011111000100010111011
000010110101101110000100100010111010
000010110100101000010000100010111010
000010110011100010100000100010111000
000010110010011100110010100010110111
000010110001010111001000100010110101
000010110000010001011110100010110101
000010101111001011110110100010110100
000010101110000110010010100010110010
000010101101000000110000100010110001
000010101011111011010000100010110000
000010101010110101110010100010101111
000010101001110000010110100010101110
000010101000101010111100100010101101
000010100111100101100110100010101011
000010100110100000010000100010101011
000010100101011010111110100010101001
000010100100010101101110100010101000
000010100011010000100000100010100111
000010100010001011010100100010100110
000010100001000110001010100010100101
000010100000000001000010100010100100
000010011110111011111110100010100010
000010011101110110111010100010100010
000010011100110001111010100010100000
000010011011101100111100100010011111
000010011010100111111110100010011111
000010011001100011000100100010011101
000010011000011110001110100010011011
000010010111011001011000100010011011
000010010110010100100100100010011010
000010010101001111110100100010011000
000010010100001011000100100010011000
000010010011000110011000100010010110
000010010010000001101110100010010101
000010010000111101000110100010010100
000010001111111000100000100010010011
000010001110110011111100100010010010
000010001101101111011010100010010001
000010001100101010111100100010001111
000010001011100110011110100010001111
000010001010100010000100100010001101
000010001001011101101010100010001101
000010001000011001010100100010001011
000010000111010101000000100010001010
000010000110010000101110100010001001
000010000101001100011110100010001000
000010000100001000010000100010000111
000010000011000100000100100010000110
000010000001111111111100100010000100
000010000000111011110100100010000100
000001111111110111110000100010000010
000001111110110011101110100010000001
000001111101101111101100100010000001
000001111100101011101110100001111111
000001111011100111110010100001111110
000001111010100011111000100001111101
000001111001100000000000100001111100
000001111000011100001100100001111010
000001110111011000011000100001111010
000001110110010100100110100001111001
000001110101010000111000100001110111
000001110100001101001100100001110110
000001110011001001100000100001110110
000001110010000101111000100001110100
000001110001000010010010100001110011
000001101111111110101110100001110010
000001101110111011001100100001110001
000001101101110111101100100001110000
000001101100110100001110100001101111
000001101011110000110010100001101110
000001101010101101011010100001101100
000001101001101010000010100001101100
000001101000100110101110100001101010
000001100111100011011010100001101010
000001100110100000001010100001101000
000001100101011100111100100001100111
000001100100011001110000100001100110
000001100011010110100110100001100101
000001100010010011011110100001100100
000001100001010000011000100001100011
000001100000001101010100100001100010
000001011111001010010010100001100001
000001011110000111010010100001100000
000001011101000100010110100001011110
000001011100000001011010100001011110
000001011010111110100000100001011101
000001011001111011101010100001011011
000001011000111000110110100001011010
000001010111110110000010100001011010
000001010110110011010010100001011000
000001010101110000100100100001010111
000001010100101101111000100001010110
000001010011101011001110100001010101
000001010010101000100110100001010100
000001010001100110000000100001010011
000001010000100011011100100001010010
000001001111100000111010100001010001
000001001110011110011010100001010000
000001001101011011111110100001001110
000001001100011001100010100001001110
000001001011010111001000100001001101
000001001010010100110010100001001011
000001001001010010011100100001001011
000001001000010000001010100001001001
000001000111001101111010100001001000
000001000110001011101010100001001000
000001000101001001011110100001000110
000001000100000111010100100001000101
000001000011000101001100100001000100
000001000010000011000100100001000100
000001000001000001000000100001000010
000000111111111110111110100001000001
000000111110111100111110100001000000
000000111101111011000010100000111110
000000111100111001000110100000111110
000000111011110111001100100000111101
000000111010110101010100100000111100
000000111001110011011110100000111011
000000111000110001101100100000111001
000000110111101111111010100000111001
000000110110101110001010100000111000
000000110101101100011110100000110110
000000110100101010110010100000110110
000000110011101001001010100000110100
000000110010100111100010100000110100
000000110001100101111110100000110010
000000110000100100011100100000110001
000000101111100010111010100000110001
000000101110100001011100100000101111
000000101101100000000000100000101110
000000101100011110100100100000101110
000000101011011101001100100000101100
000000101010011011110110100000101011
000000101001011010100010100000101010
000000101000011001010000100000101001
000000100111011000000000100000101000
000000100110010110110010100000100111
000000100101010101100110100000100110
000000100100010100011100100000100101
000000100011010011010100100000100100
000000100010010010001110100000100011
000000100001010001001010100000100010
000000100000010000001000100000100001
000000011111001111001000100000100000
000000011110001110001010100000011111
000000011101001101001110100000011110
000000011100001100010110100000011100
000000011011001011011110100000011100
000000011010001010101000100000011011
000000011001001001110100100000011010
000000011000001001000100100000011000
000000010111001000010100100000011000
000000010110000111100110100000010111
000000010101000110111100100000010101
000000010100000110010010100000010101
000000010011000101101010100000010100
000000010010000101000110100000010010
000000010001000100100010100000010010
000000010000000100000000100000010001
000000001111000011100010100000001111
000000001110000011000100100000001111
000000001101000010101010100000001101
000000001100000010010000100000001101
000000001011000001111010100000001011
000000001010000001100100100000001011
000000001001000001010010100000001001
000000001000000001000000100000001001
000000000111000000110000100000001000
000000000110000000100100100000000110
000000000101000000011000100000000110
000000000100000000010000100000000100
000000000011000000001000100000000100
000000000010000000000100100000000010
000000000001000000000000100000000010
000000000000000000000000100000000000
