000000000111111111100101111111110010
000000001111111110000101111111010000
000000010111111011100111111110110001
000000011111111000001001111110010001
000000100111110011101101111101110010
000000101111101110010011111101010011
000000110111100111111001111100110011
000000111111100000100101111100010110
000001000111011000010001111011110110
000001001111001111000001111011011000
000001010111000100110101111010111010
000001011110111001101101111010011100
000001100110101101101001111001111110
000001101110100000101011111001100001
000001110110010010110001111001000011
000001111110000011111011111000100101
000010000101110100001011111000001000
000010001101100011100001110111101011
000010010101010001111111110111001111
000010011100111111100001110110110001
000010100100101100001011110110010101
000010101100010111111101110101111001
000010110100000010110101110101011100
000010111011101100110101110101000000
000011000011010101111101110100100100
000011001010111110001101110100001000
000011010010100101100111110011101101
000011011010001100001001110011010001
000011100001110001110101110010110110
000011101001010110101001110010011010
000011110000111010101001110010000000
000011111000011101110001110001100100
000100000000000000000101110001001010
000100000111100001100011110000101111
000100001111000010001011110000010100
000100010110100001111111101111111010
000100011110000000111111101111100000
000100100101011111001001101111000101
000100101100111100100001101110101100
000100110100011001000011101110010001
000100111011110100110011101101111000
000101000011001111110001101101011111
000101001010101001111011101101000101
000101010010000011010001101100101011
000101011001011011110101101100010010
000101100000110011101001101011111010
000101101000001010101001101011100000
000101101111100000110111101011000111
000101110110110110010101101010101111
000101111110001011000001101010010110
000110000101011110111011101001111101
000110001100110010000111101001100110
000110010100000100100001101001001101
000110011011010110001001101000110101
000110100010100111000011101000011101
000110101001110111001101101000000101
000110110001000110100111100111101101
000110111000010101010011100111010110
000110111111100011001101100110111110
000111000110110000011011100110100111
000111001101111100111001100110001111
000111010101001000101001100101111000
000111011100010011101011100101100001
000111100011011101111101100101001001
000111101010100111100011100100110011
000111110001110000011011100100011100
000111111000111000100111100100000110
001000000000000000000011100011101110
001000000111000110110101100011011001
001000001110001100111001100011000010
001000010101010010001111100010101011
001000011100010110111011100010010110
001000100011011010111001100001111111
001000101010011110001101100001101010
001000110001100000110011100001010011
001000111000100010101111100000111110
001000111111100100000001100000101001
001001000110100100100101100000010010
001001001101100100011111011111111101
001001010100100011101111011111101000
001001011011100010010101011111010011
001001100010100000001111011110111101
001001101001011101011111011110101000
001001110000011010000101011110010011
001001110111010110000011011101111111
001001111110010001010101011101101001
001010000101001011111111011101010101
001010001100000101111111011101000000
001010010010111111010111011100101100
001010011001111000000101011100010111
001010100000110000001011011100000011
001010100111100111100111011011101110
001010101110011110011011011011011010
001010110101010100101001011011000111
001010111100001010001101011010110010
001011000010111111001001011010011110
001011001001110011011101011010001010
001011010000100111001011011001110111
001011010111011010010001011001100011
001011011110001100101111011001001111
001011100100111110100111011000111100
001011101011101111111001011000101001
001011110010100000100011011000010101
001011111001010000100111011000000010
001100000000000000000011010111101110
001100000110101110111011010111011100
001100001101011101001011010111001000
001100010100001010110111010110110110
001100011010110111111011010110100010
001100100001100100011011010110010000
001100101000010000010101010101111101
001100101110111011101011010101101011
001100110101100110011011010101011000
001100111100010000100101010101000101
001101000010111010001011010100110011
001101001001100011001101010100100001
001101010000001011101001010100001110
001101010110110011100011010011111101
001101011101011010110111010011101011
001101100100000001100111010011011000
001101101010100111110011010011000110
001101110001001101011011010010110100
001101110111110010011111010010100010
001101111110010111000001010010010001
001110000100111010111111010001111111
001110001011011110011001010001101101
001110010010000001010001010001011100
001110011000100011100101010001001010
001110011111000101010101010000111000
001110100101100110100101010000101000
001110101100000111010001010000010110
001110110010100111011011010000000101
001110111001000111000011001111110100
001110111111100110000111001111100010
001111000110000100101011001111010010
001111001100100010101101001111000001
001111010011000000001101001110110000
001111011001011101001011001110011111
001111011111111001100111001110001110
001111100110010101100011001101111110
001111101100110000111011001101101100
001111110011001011110101001101011101
001111111001100110001101001101001100
010000000000000000000011001100111011
010000000110011001011001001100101011
010000001100110010001111001100011011
010000010011001010100011001100001010
010000011001100010010111001011111010
010000011111111001101011001011101010
010000100110010000011111001011011010
010000101100100110110011001011001010
010000110010111100100111001010111010
010000111001010001111101001010101011
010000111111100110110001001010011010
010001000101111011000101001010001010
010001001100001110111011001001111011
010001010010100010010001001001101011
010001011000110101001001001001011100
010001011111000111100001001001001100
010001100101011001011001001000111100
010001101011101010110011001000101101
010001110001111011101101001000011101
010001111000001100001011001000001111
010001111110011100001001000111111111
010010000100101011100111000111101111
010010001010111010101001000111100001
010010010001001001001011000111010001
010010010111010111010001000111000011
010010011101100100110111000110110011
010010100011110001111111000110100100
010010101001111110101011000110010110
010010110000001010110111000110000110
010010110110010110100111000101111000
010010111100100001111001000101101001
010011000010101100101111000101011011
010011001000110111000101000101001011
010011001111000000111111000100111101
010011010101001010011101000100101111
010011011011010011011101000100100000
010011100001011100000001000100010010
010011100111100100000111000100000011
010011101101101011110001000011110101
010011110011110010111101000011100110
010011111001111001101111000011011001
010100000000000000000011000011001010
010100000110000101111011000010111100
010100001100001011010111000010101110
010100010010010000010111000010100000
010100011000010100111001000010010001
010100011110011001000001000010000100
010100100100011100101101000001110110
010100101010011111111101000001101000
010100110000100010110001000001011010
010100110110100101001011000001001101
010100111100100111001001000000111111
010101000010101000101011000000110001
010101001000101001110001000000100011
010101001110101010011101000000010110
010101010100101010101101000000001000
010101011010101010100010111111111011
010101100000101001111100111111101101
010101100110101000111100111111100000
010101101100100111100010111111010011
010101110010100101101100111111000101
010101111000100011011100111110111000
010101111110100000110000111110101010
010110000100011101101100111110011110
010110001010011010001100111110010000
010110010000010110010010111110000011
010110010110010001111110111101110110
010110011100001101010000111101101001
010110100010001000001000111101011100
010110101000000010101000111101010000
010110101101111100101100111101000010
010110110011110110010110111100110101
010110111001101111101000111100101001
010110111111101000011110111100011011
010111000101100000111110111100010000
010111001011011001000010111100000010
010111010001010000101110111011110110
010111010111001000000000111011101001
010111011100111110111000111011011100
010111100010110101011000111011010000
010111101000101011011110111011000011
010111101110100001001100111010110111
010111110100010110100010111010101011
010111111010001011011110111010011110
011000000000000000000010111010010010
011000000101110100001100111010000101
011000001011100111111110111001111001
011000010001011011011000111001101101
011000010111001110011010111001100001
011000011101000001000100111001010101
011000100010110011010100111001001000
011000101000100101001110111000111101
011000101110010110101110111000110000
011000110100000111111000111000100101
011000111001111000101000111000011000
011000111111101001000000111000001100
011001000101011001000010111000000001
011001001011001000101100110111110101
011001010000110111111100110111101000
011001010110100110111000110111011110
011001011100010101011010110111010001
011001100010000011100100110111000101
011001100111110001011000110110111010
011001101101011110110110110110101111
011001110011001011111010110110100010
011001111000111000101000110110010111
011001111110100101000000110110001100
011010000100010001000000110110000000
011010001001111100101000110101110100
011010001111100111111010110101101001
011010010101010010110110110101011110
011010011010111101011010110101010010
011010100000100111101000110101000111
011010100110010001011110110100111011
011010101011111011000000110100110001
011010110001100100001010110100100101
011010110111001100111110110100011010
011010111100110101011010110100001110
011011000010011101100010110100000100
011011001000000101010010110011111000
011011001101101100101110110011101110
011011010011010011110010110011100010
011011011000111010100000110011010111
011011011110100000111000110011001100
011011100100000110111100110011000010
011011101001101100101000110010110110
011011101111010001111110110010101011
011011110100110111000000110010100001
011011111010011011101100110010010110
011100000000000000000010110010001011
011100000101100100000010110010000000
011100001011000111101100110001110101
011100010000101011000010110001101011
011100010110001110000010110001100000
011100011011110000101100110001010101
011100100001010011000010110001001011
011100100110110101000010110001000000
011100101100010110101110110000110110
011100110001111000000100110000101011
011100110111011001000110110000100001
011100111100111001110010110000010110
011101000010011010001000110000001011
011101000111111010001100110000000010
011101001101011001111010101111110111
011101010010111001010010101111101100
011101011000011000010110101111100010
011101011101110111000110101111011000
011101100011010101100010101111001110
011101101000110011101000101111000011
011101101110010001011010101110111001
011101110011101110111000101110101111
011101111001001100000010101110100101
011101111110101000111000101110011011
011110000100000101011000101110010000
011110001001100001100110101110000111
011110001110111101011110101101111100
011110010100011001000010101101110010
011110011001110100010100101101101001
011110011111001111010000101101011110
011110100100101001111010101101010101
011110101010000100001110101101001010
011110101111011110010000101101000001
011110110100110111111110101100110111
011110111010010001011000101100101101
011110111111101010011110101100100011
011111000101000011010000101100011001
011111001010011011110000101100010000
011111001111110011111100101100000110
011111010101001011110100101011111100
011111011010100011011000101011110010
011111011111111010101010101011101001
011111100101010001101000101011011111
011111101010101000010100101011010110
011111101111111110101100101011001100
011111110101010100110000101011000010
011111111010101010100010101010111001
100000000000000000000010101010110000
100000000101010101001110101010100110
100000001010101010000110101010011100
100000001111111110101100101010010011
100000010101010011000000101010001010
100000011010100111000000101010000000
100000011111111010101110101001110111
100000100101001110001000101001101101
100000101010100001010010101001100101
100000101111110100001000101001011011
100000110101000110101010101001010001
100000111010011000111100101001001001
100000111111101010111010101000111111
100001000100111100100110101000110110
100001001010001110000000101000101101
100001001111011111001000101000100100
100001010100101111111100101000011010
100001011010000000100000101000010010
100001011111010000110000101000001000
100001100100100000101110100111111111
100001101001110000011100100111110111
100001101110111111110110100111101101
100001110100001111000000100111100101
100001111001011101110110100111011011
100001111110101100011010100111010010
100010000011111010101110100111001010
100010001001001000101110100111000000
100010001110010110011110100110111000
100010010011100011111100100110101111
100010011000110001001000100110100110
100010011101111110000100100110011110
100010100011001010101100100110010100
100010101000010111000100100110001100
100010101101100011001010100110000011
100010110010101110111110100101111010
100010110111111010100000100101110001
100010111101000101110010100101101001
100011000010010000110100100101100001
100011000111011011100010100101010111
100011001100100110000000100101001111
100011010001110000001100100101000110
100011010110111010001000100100111110
100011011100000011110100100100110110
100011100001001101001100100100101100
100011100110010110010100100100100100
100011101011011111001100100100011100
100011110000100111110010100100010011
100011110101110000001000100100001011
100011111010111000001110100100000011
100100000000000000000010100011111010
100100000101000111100100100011110001
100100001010001110110110100011101001
100100001111010101111000100011100001
100100010100011100101010100011011001
100100011001100011001010100011010000
100100011110101001011010100011001000
100100100011101111011000100010111111
100100101000110101001000100010111000
100100101101111010100110100010101111
100100110010111111110100100010100111
100100111000000100110010100010011111
100100111101001001011110100010010110
100101000010001101111100100010001111
100101000111010010001000100010000110
100101001100010110000100100001111110
100101010001011001110000100001110110
100101010110011101001100100001101110
100101011011100000011000100001100110
100101100000100011010100100001011110
100101100101100110000000100001010110
100101101010101000011100100001001110
100101101111101010101000100001000110
100101110100101100100100100000111110
100101111001101110010000100000110110
100101111110101111101100100000101110
100110000011110000111000100000100110
100110001000110001110110100000011111
100110001101110010100010100000010110
100110010010110011000000100000001111
100110010111110011001100100000000110
100110011100110011001010011111111111
100110100001110010111000011111110111
100110100110110010011000011111110000
100110101011110001100110011111100111
100110110000110000100110011111100000
100110110101101111010110011111011000
100110111010101101111000011111010001
100110111111101100001000011111001000
100111000100101010001010011111000001
100111001001100111111110011110111010
100111001110100101100000011110110001
100111010011100010110100011110101010
100111011000011111111010011110100011
100111011101011100110000011110011011
100111100010011001010110011110010011
100111100111010101101110011110001100
100111101100010001110110011110000100
100111110001001101101110011101111100
100111110110001001011010011101110110
100111111011000100110100011101101101
101000000000000000000000011101100110
101000000100111010111110011101011111
101000001001110101101100011101010111
101000001110110000001100011101010000
101000010011101010011110011101001001
101000011000100100100000011101000001
101000011101011110010100011100111010
101000100010010111111000011100110010
101000100111010001001110011100101011
101000101100001010010110011100100100
101000110001000011001110011100011100
101000110101111011111000011100010101
101000111010110100010100011100001110
101000111111101100100000011100000110
101001000100100100100000011100000000
101001001001011100010000011011111000
101001001110010011110000011011110000
101001010011001011000100011011101010
101001011000000010001000011011100010
101001011100111001000000011011011100
101001100001101111101000011011010100
101001100110100110000010011011001101
101001101011011100001110011011000110
101001110000010010001010011010111110
101001110101000111111010011010111000
101001111001111101011100011010110001
101001111110110010101110011010101001
101010000011100111110100011010100011
101010001000011100101010011010011011
101010001101010001010010011010010100
101010010010000101101110011010001110
101010010110111001111010011010000110
101010011011101101111010011010000000
101010100000100001101010011001111000
101010100101010101001110011001110010
101010101010001000100010011001101010
101010101110111011101010011001100100
101010110011101110100100011001011101
101010111000100001010000011001010110
101010111101010011101110011001001111
101011000010000101111110011001001000
101011000110111000000010011001000010
101011001011101001110110011000111010
101011010000011011011110011000110100
101011010101001100111000011000101101
101011011001111110000100011000100110
101011011110101111000010011000011111
101011100011011111110100011000011001
101011101000010000011000011000010010
101011101101000000101110011000001011
101011110001110000110110011000000100
101011110110100000110010010111111110
101011111011010000100000010111110111
101100000000000000000000010111110000
101100000100101111010100010111101010
101100001001011110011010010111100011
101100001110001101010100010111011101
101100010010111011111110010111010101
101100010111101010011110010111010000
101100011100011000101110010111001000
101100100001000110110010010111000010
101100100101110100101010010110111100
101100101010100010010100010110110101
101100101111001111110000010110101110
101100110011111101000000010110101000
101100111000101010000010010110100001
101100111101010110111000010110011011
101101000010000011100010010110010101
101101000110101111111100010110001101
101101001011011100001100010110001000
101101010000001000001110010110000001
101101010100110100000010010101111010
101101011001011111101100010101110101
101101011110001011000110010101101101
101101100010110110010110010101101000
101101100111100001011000010101100001
101101101100001100001100010101011010
101101110000110110110100010101010100
101101110101100001010000010101001110
101101111010001011100000010101001000
101101111110110101100010010101000001
101110000011011111011000010100111011
101110001000001001000010010100110101
101110001100110010011110010100101110
101110010001011011101110010100101000
101110010110000100110010010100100010
101110011010101101101010010100011100
101110011111010110010100010100010101
101110100011111110110010010100001111
101110101000100111000100010100001001
101110101101001111001010010100000011
101110110001110111000010010011111100
101110110110011110110000010011110111
101110111011000110010000010011110000
101110111111101101100100010011101010
101111000100010100101100010011100100
101111001000111011101000010011011110
101111001101100010010110010011010111
101111010010001000111010010011010010
101111010110101111010010010011001100
101111011011010101011100010011000101
101111011111111011011010010010111111
101111100100100001001110010010111010
101111101001000110110100010010110011
101111101101101100001110010010101101
101111110010010001011110010010101000
101111110110110110100000010010100001
101111111011011011010110010010011011
110000000000000000000000010010010101
110000000100100100100000010010010000
110000001001001000110010010010001001
110000001101101100111000010010000011
110000010010010000110100010001111110
110000010110110100100010010001110111
110000011011011000000110010001110010
110000011111111011011110010001101100
110000100100011110101010010001100110
110000101001000001101000010001011111
110000101101100100011110010001011011
110000110010000111000110010001010100
110000110110101001100010010001001110
110000111011001011110100010001001001
110000111111101101111000010001000010
110001000100001111110010010000111101
110001001000110001100000010000110111
110001001101010011000100010000110010
110001010001110100011010010000101011
110001010110010101100110010000100110
110001011010110110100110010000100000
110001011111010111011010010000011010
110001100011111000000100010000010101
110001101000011000100000010000001110
110001101100111000110010010000001001
110001110001011000111010010000000100
110001110101111000110100001111111101
110001111010011000100100001111111000
110001111110111000001010001111110011
110010000011010111100010001111101100
110010000111110110110000001111100111
110010001100010101110100001111100010
110010010000110100101010001111011011
110010010101010011010110001111010110
110010011001110001111000001111010001
110010011110010000001110001111001011
110010100010101110011000001111000101
110010100111001100011000001111000000
110010101011101010001100001110111010
110010110000000111110100001110110100
110010110100100101010010001110101111
110010111001000010100110001110101010
110010111101011111101110001110100100
110011000001111100101010001110011110
110011000110011001011100001110011001
110011001010110110000010001110010011
110011001111010010011110001110001110
110011010011101110110000001110001001
110011011000001010110100001110000010
110011011100100110110000001101111110
110011100001000010100000001101111000
110011100101011110000110001101110011
110011101001111001100000001101101101
110011101110010100101110001101100111
110011110010101111110100001101100011
110011110111001010101110001101011101
110011111011100101011100001101010111
110100000000000000000000001101010010
110100000100011010011010001101001101
110100001000110100101000001101000111
110100001101001110101110001101000011
110100010001101000100110001100111100
110100010110000010010110001100111000
110100011010011011111010001100110010
110100011110110101010010001100101100
110100100011001110100010001100101000
110100100111100111100110001100100010
110100101100000000100000001100011101
110100110000011001001110001100010111
110100110100110001110100001100010011
110100111001001010001110001100001110
110100111101100010011100001100000111
110101000001111010100010001100000011
110101000110010010011100001011111101
110101001010101010001100001011111000
110101001111000001110010001011110011
110101010011011001001110001011101110
110101010111110000011110001011101000
110101011100000111100100001011100011
110101100000011110100000001011011110
110101100100110101010010001011011001
110101101001001011111010001011010100
110101101101100010011000001011001111
110101110001111000101010001011001001
110101110110001110110010001011000100
110101111010100100110010001011000000
110101111110111010100110001010111010
110110000011010000010000001010110101
110110000111100101101110001010101111
110110001011111011000100001010101011
110110010000010000010000001010100110
110110010100100101010010001010100001
110110011000111010001000001010011011
110110011101001110110110001010010111
110110100001100011011000001010010001
110110100101110111110000001010001100
110110101010001100000000001010001000
110110101110100000000100001010000010
110110110010110100000000001001111110
110110110111000111110000001001111000
110110111011011011010110001001110011
110110111111101110110100001001101111
110111000100000010000110001001101001
110111001000010101001110001001100100
110111001100101000001110001001100000
110111010000111011000010001001011010
110111010101001101101110001001010110
110111011001100000010000001001010001
110111011101110010100110001001001011
110111100010000100110100001001000111
110111100110010110111000001001000010
110111101010101000110010001000111101
110111101110111010100010001000111000
110111110011001100001000001000110011
110111110111011101100100001000101110
110111111011101110111000001000101010
111000000000000000000000001000100100
111000000100010001000000001000100000
111000001000100001110110001000011011
111000001100110010100010001000010110
111000010001000011000100001000010001
111000010101010011011100001000001100
111000011001100011101100001000001000
111000011101110011110010001000000011
111000100010000011101110000111111110
111000100110010011100000000111111001
111000101010100011001000000111110100
111000101110110010101000000111110000
111000110011000001111110000111101011
111000110111010001001010000111100110
111000111011100000001100000111100001
111000111111101111000110000111011101
111001000011111101110110000111011000
111001001000001100011100000111010011
111001001100011010111000000111001110
111001010000101001001100000111001010
111001010100110111010110000111000101
111001011001000101010110000111000000
111001011101010011001110000110111100
111001100001100000111010000110110110
111001100101101110100000000110110011
111001101001111011111010000110101101
111001101110001001001100000110101001
111001110010010110010100000110100100
111001110110100011010100000110100000
111001111010110000001010000110011011
111001111110111100110110000110010110
111010000011001001011010000110010010
111010000111010101110100000110001101
111010001011100010000110000110001001
111010001111101110001110000110000100
111010010011111010001100000101111111
111010011000000110000010000101111011
111010011100010001101110000101110110
111010100000011101010000000101110001
111010100100101000101100000101101110
111010101000110011111100000101101000
111010101100111111000100000101100100
111010110001001010000010000101011111
111010110101010100111000000101011011
111010111001011111100100000101010110
111010111101101010001000000101010010
111011000001110100100100000101001110
111011000101111110110100000101001000
111011001010001000111110000101000101
111011001110010010111100000100111111
111011010010011100110100000100111100
111011010110100110100010000100110111
111011011010110000000110000100110010
111011011110111001100010000100101110
111011100011000010110100000100101001
111011100111001011111110000100100101
111011101011010101000000000100100001
111011101111011101111000000100011100
111011110011100110101000000100011000
111011110111101111001110000100010011
111011111011110111101100000100001111
111100000000000000000000000100001010
111100000100001000001100000100000110
111100001000010000010000000100000010
111100001100011000001010000011111101
111100010000011111111100000011111001
111100010100100111100110000011110101
111100011000101111000110000011110000
111100011100110110011110000011101100
111100100000111101101100000011100111
111100100101000100110010000011100011
111100101001001011110000000011011111
111100101101010010100100000011011010
111100110001011001010010000011010111
111100110101011111110100000011010001
111100111001100110010000000011001110
111100111101101100100010000011001001
111101000001110010101100000011000101
111101000101111000101100000011000000
111101001001111110100110000010111101
111101001110000100010110000010111000
111101010010001001111110000010110100
111101010110001111011100000010101111
111101011010010100110010000010101011
111101011110011010000000000010100111
111101100010011111000110000010100011
111101100110100100000010000010011110
111101101010101000111000000010011011
111101101110101101100100000010010110
111101110010110010000110000010010001
111101110110110110100010000010001110
111101111010111010110100000010001001
111101111110111111000000000010000110
111110000011000011000010000010000001
111110000111000110111010000001111100
111110001011001010101100000001111001
111110001111001110010100000001110100
111110010011010001110110000001110001
111110010111010101001110000001101100
111110011011011000011110000001101000
111110011111011011100110000001100100
111110100011011110100100000001011111
111110100111100001011100000001011100
111110101011100100001010000001010111
111110101111100110110000000001010011
111110110011101001001110000001001111
111110110111101011100100000001001011
111110111011101101110010000001000111
111110111111101111111000000001000011
111111000011110001110110000000111111
111111000111110011101100000000111011
111111001011110101011000000000110110
111111001111110110111110000000110011
111111010011111000011010000000101110
111111010111111001101110000000101010
111111011011111010111100000000100111
111111011111111100000000000000100010
111111100011111100111100000000011110
111111100111111101110000000000011010
111111101011111110011100000000010110
111111101111111111000000000000010010
111111110011111111011100000000001110
111111110111111111110000000000001010
111111111011111111111100000000000110
000000000000000000000000000000000010
