00100110000000000000000000010011
00001000001000000000000000000001
00010000000100100000000000000000
00100100000000000000000000001110
00110000111000000000000000000000
00010100000100010010000000000000
00110000000100000000000000000000
00101011111111111111111111111010
00110001001100000000000000000000
00110000000100000000000000000000
00001000001000000000000000000001
00010100000100110010000000000000
00101011111111111111111111110101
00110001001000000000000000000000
00010011000100010010000000000000
00110001111000000000000000000000
00101100000000000000000000000000
00001000000100000000000000000001
00101100000000000000000000000000
00001000000100000000000000001010
00101011111111111111111111101101
