00111110111111111100000000100000
00111110111111110100000011011111
00111110111111101100001001011011
00111110111111100100010010010010
00111110111111011100011110000100
00111110111111010100101100101101
00111110111111001100111110001100
00111110111111000101010010011111
00111110111110111101101001100101
00111110111110110110000011011100
00111110111110101110100000000010
00111110111110100110111111010110
00111110111110011111100001010110
00111110111110011000000110000000
00111110111110010000101101010011
00111110111110001001010111001110
00111110111110000010000011101110
00111110111101111010110010110010
00111110111101110011100100011010
00111110111101101100011000100010
00111110111101100101001111001010
00111110111101011110001000010001
00111110111101010111000011110101
00111110111101010000000001110100
00111110111101001001000010001101
00111110111101000010000100111111
00111110111100111011001010001001
00111110111100110100010001101000
00111110111100101101011011011101
00111110111100100110100111100101
00111110111100011111110101111111
00111110111100011001000110101001
00111110111100010010011001100100
00111110111100001011101110101101
00111110111100000101000110000011
00111110111011111110011111100101
00111110111011110111111011010010
00111110111011110001011001001001
00111110111011101010111001001000
00111110111011100100011011001110
00111110111011011101111111011010
00111110111011010111100101101100
00111110111011010001001110000001
00111110111011001010111000011001
00111110111011000100100100110011
00111110111010111110010011001101
00111110111010111000000011100111
00111110111010110001110101111111
00111110111010101011101010010101
00111110111010100101100000100111
00111110111010011111011000110101
00111110111010011001010010111101
00111110111010010011001110111111
00111110111010001101001100111001
00111110111010000111001100101010
00111110111010000001001110010010
00111110111001111011010001101111
00111110111001110101010111000001
00111110111001101111011110000111
00111110111001101001100111000000
00111110111001100011110001101010
00111110111001011101111110000110
00111110111001011000001100010001
00111110111001010010011100001100
00111110111001001100101101110101
00111110111001000111000001001100
00111110111001000001010110001111
00111110111000111011101100111110
00111110111000110110000101011000
00111110111000110000011111011100
00111110111000101010111011001001
00111110111000100101011000011111
00111110111000011111110111011101
00111110111000011010011000000001
00111110111000010100111010001100
00111110111000001111011101111100
00111110111000001010000011010001
00111110111000000100101010001001
00111110110111111111010010100101
00111110110111111001111100100011
00111110110111110100101000000011
00111110110111101111010101000011
00111110110111101010000011100100
00111110110111100100110011100101
00111110110111011111100101000100
00111110110111011010011000000001
00111110110111010101001100011100
00111110110111010000000010010011
00111110110111001010111001100111
00111110110111000101110010010110
00111110110111000000101100011111
00111110110110111011101000000011
00111110110110110110100101000000
00111110110110110001100011010110
00111110110110101100100011000100
00111110110110100111100100001010
00111110110110100010100110100111
00111110110110011101101010011001
00111110110110011000101111100010
00111110110110010011110110000000
00111110110110001110111101110010
00111110110110001010000110111000
00111110110110000101010001010001
00111110110110000000011100111101
00111110110101111011101001111100
00111110110101110110111000001011
00111110110101110010000111101100
00111110110101101101011000011110
00111110110101101000101010011111
00111110110101100011111101101111
00111110110101011111010010001111
00111110110101011010100111111101
00111110110101010101111110111000
00111110110101010001010111000001
00111110110101001100110000010110
00111110110101001000001010111000
00111110110101000011100110100101
00111110110100111111000011011110
00111110110100111010100001100001
00111110110100110110000000101110
00111110110100110001100001000101
00111110110100101101000010100110
00111110110100101000100101001111
00111110110100100100001001000000
00111110110100011111101101111001
00111110110100011011010011111001
00111110110100010110111011000000
00111110110100010010100011001101
00111110110100001110001100100001
00111110110100001001110110111010
00111110110100000101100010010111
00111110110100000001001110111010
00111110110011111100111100100000
00111110110011111000101011001010
00111110110011110100011010111000
00111110110011110000001011101000
00111110110011101011111101011010
00111110110011100111110000001111
00111110110011100011100100000101
00111110110011011111011000111100
00111110110011011011001110110100
00111110110011010111000101101100
00111110110011010010111101100100
00111110110011001110110110011100
00111110110011001010110000010011
00111110110011000110101011001000
00111110110011000010100110111100
00111110110010111110100011101110
00111110110010111010100001011101
00111110110010110110100000001001
00111110110010110010011111110011
00111110110010101110100000011000
00111110110010101010100001111010
00111110110010100110100100011000
00111110110010100010100111110000
00111110110010011110101100000100
00111110110010011010110001010011
00111110110010010110110111011011
00111110110010010010111110011110
00111110110010001111000110011010
00111110110010001011001111001111
00111110110010000111011000111101
00111110110010000011100011100100
00111110110001111111101111000011
00111110110001111011111011011010
00111110110001111000001000101000
00111110110001110100010110101101
00111110110001110000100101101010
00111110110001101100110101011101
00111110110001101001000110000110
00111110110001100101010111100101
00111110110001100001101001111001
00111110110001011101111101000011
00111110110001011010010001000010
00111110110001010110100101110110
00111110110001010010111011011110
00111110110001001111010001111010
00111110110001001011101001001001
00111110110001001000000001001100
00111110110001000100011010000011
00111110110001000000110011101100
00111110110000111101001110001000
00111110110000111001101001010110
00111110110000110110000101010110
00111110110000110010100010000111
00111110110000101110111111101011
00111110110000101011011101111111
00111110110000100111111101000100
00111110110000100100011100111010
00111110110000100000111101100000
00111110110000011101011110110110
00111110110000011010000000111100
00111110110000010110100011110010
00111110110000010011000111010111
00111110110000001111101011101010
00111110110000001100010000101101
00111110110000001000110110011110
00111110110000000101011100111101
00111110110000000010000100001010
00111110101111111110101100000101
00111110101111111011010100101110
00111110101111110111111110000011
00111110101111110100101000000110
00111110101111110001010010110101
00111110101111101101111110010001
00111110101111101010101010011001
00111110101111100111010111001101
00111110101111100100000100101101
00111110101111100000110010111000
00111110101111011101100001101111
00111110101111011010010001010000
00111110101111010111000001011101
00111110101111010011110010010100
00111110101111010000100011110101
00111110101111001101010110000001
00111110101111001010001000110111
00111110101111000110111100010110
00111110101111000011110000011111
00111110101111000000100101010001
00111110101110111101011010101100
00111110101110111010010000110000
00111110101110110111000111011100
00111110101110110011111110110001
00111110101110110000110110101110
00111110101110101101101111010011
00111110101110101010101000100000
00111110101110100111100010010101
00111110101110100100011100110001
00111110101110100001010111110100
00111110101110011110010011011110
00111110101110011011001111101110
00111110101110011000001100100110
00111110101110010101001010000011
00111110101110010010001000000111
00111110101110001111000110110001
00111110101110001100000110000001
00111110101110001001000101110110
00111110101110000110000110010000
00111110101110000011000111010000
00111110101110000000001000110101
00111110101101111101001010111111
00111110101101111010001101101101
00111110101101110111010001000000
00111110101101110100010100110111
00111110101101110001011001010010
00111110101101101110011110010001
00111110101101101011100011110100
00111110101101101000101001111011
00111110101101100101110000100100
00111110101101100010110111110001
00111110101101011111111111100001
00111110101101011101000111110100
00111110101101011010010000101010
00111110101101010111011010000010
00111110101101010100100011111101
00111110101101010001101110011001
00111110101101001110111001011000
00111110101101001100000100111001
00111110101101001001010000111011
00111110101101000110011101011111
00111110101101000011101010100100
00111110101101000000111000001011
00111110101100111110000110010010
00111110101100111011010100111010
00111110101100111000100100000011
00111110101100110101110011101101
00111110101100110011000011110111
00111110101100110000010100100001
00111110101100101101100101101100
00111110101100101010110111010110
00111110101100101000001001100000
00111110101100100101011100001010
00111110101100100010101111010100
00111110101100100000000010111100
00111110101100011101010111000100
00111110101100011010101011101011
00111110101100011000000000110001
00111110101100010101010110010110
00111110101100010010101100011001
00111110101100010000000010111011
00111110101100001101011001111011
00111110101100001010110001011001
00111110101100001000001001010101
00111110101100000101100001110000
00111110101100000010111010101000
00111110101100000000010011111101
00111110101011111101101101110001
00111110101011111011001000000001
00111110101011111000100010101111
00111110101011110101111101111010
00111110101011110011011001100010
00111110101011110000110101100110
00111110101011101110010010001000
00111110101011101011101111000110
00111110101011101001001100100000
00111110101011100110101010010111
00111110101011100100001000101010
00111110101011100001100111011001
00111110101011011111000110100100
00111110101011011100100110001011
00111110101011011010000110001101
00111110101011010111100110101011
00111110101011010101000111100100
00111110101011010010101000111001
00111110101011010000001010101001
00111110101011001101101100110100
00111110101011001011001111011010
00111110101011001000110010011010
00111110101011000110010101110110
00111110101011000011111001101100
00111110101011000001011101111100
00111110101010111111000010100111
00111110101010111100100111101100
00111110101010111010001101001100
00111110101010110111110011000101
00111110101010110101011001011000
00111110101010110011000000000101
00111110101010110000100111001100
00111110101010101110001110101100
00111110101010101011110110100101
00111110101010101001011110111000
00111110101010100111000111100101
00111110101010100100110000101010
00111110101010100010011010001000
00111110101010100000000011111111
00111110101010011101101110001111
00111110101010011011011000111000
00111110101010011001000011111001
00111110101010010110101111010011
00111110101010010100011011000101
00111110101010010010000111010000
00111110101010001111110011110010
00111110101010001101100000101101
00111110101010001011001110000000
00111110101010001000111011101010
00111110101010000110101001101100
00111110101010000100011000000110
00111110101010000010000110111000
00111110101001111111110110000001
00111110101001111101100101100001
00111110101001111011010101011000
00111110101001111001000101100111
00111110101001110110110110001101
00111110101001110100100111001010
00111110101001110010011000011101
00111110101001110000001010001000
00111110101001101101111100001001
00111110101001101011101110100000
00111110101001101001100001001111
00111110101001100111010100010011
00111110101001100101000111101110
00111110101001100010111011011111
00111110101001100000101111100111
00111110101001011110100100000100
00111110101001011100011000110111
00111110101001011010001110000000
00111110101001011000000011011111
00111110101001010101111001010100
00111110101001010011101111011110
00111110101001010001100101111110
00111110101001001111011100110011
00111110101001001101010011111101
00111110101001001011001011011101
00111110101001001001000011010010
00111110101001000110111011011100
00111110101001000100110011111011
00111110101001000010101100101111
00111110101001000000100101110111
00111110101000111110011111010101
00111110101000111100011001000111
00111110101000111010010011001101
00111110101000111000001101101000
00111110101000110110001000011000
00111110101000110100000011011100
00111110101000110001111110110100
00111110101000101111111010100000
00111110101000101101110110100001
00111110101000101011110010110101
00111110101000101001101111011101
00111110101000100111101100011010
00111110101000100101101001101001
00111110101000100011100111001101
00111110101000100001100101000100
00111110101000011111100011001111
00111110101000011101100001101101
00111110101000011011100000011111
00111110101000011001011111100100
00111110101000010111011110111100
00111110101000010101011110101000
00111110101000010011011110100110
00111110101000010001011110111000
00111110101000001111011111011100
00111110101000001101100000010011
00111110101000001011100001011110
00111110101000001001100010111010
00111110101000000111100100101010
00111110101000000101100110101100
00111110101000000011101001000001
00111110101000000001101011101000
00111110100111111111101110100001
00111110100111111101110001101101
00111110100111111011110101001011
00111110100111111001111000111011
00111110100111110111111100111101
00111110100111110110000001010001
00111110100111110100000101110111
00111110100111110010001010101111
00111110100111110000001111111001
00111110100111101110010101010101
00111110100111101100011011000010
00111110100111101010100001000001
00111110100111101000100111010010
00111110100111100110101101110100
00111110100111100100110100100111
00111110100111100010111011101100
00111110100111100001000011000010
00111110100111011111001010101001
00111110100111011101010010100001
00111110100111011011011010101011
00111110100111011001100011000110
00111110100111010111101011110001
00111110100111010101110100101110
00111110100111010011111101111011
00111110100111010010000111011001
00111110100111010000010001001000
00111110100111001110011011001000
00111110100111001100100101011000
00111110100111001010101111111000
00111110100111001000111010101010
00111110100111000111000101101011
00111110100111000101010000111101
00111110100111000011011100011111
00111110100111000001101000010010
00111110100110111111110100010100
00111110100110111110000000100111
00111110100110111100001101001010
00111110100110111010011001111101
00111110100110111000100111000000
00111110100110110110110100010011
00111110100110110101000001110101
00111110100110110011001111101000
00111110100110110001011101101010
00111110100110101111101011111011
00111110100110101101111010011101
00111110100110101100001001001110
00111110100110101010011000001110
00111110100110101000100111011110
00111110100110100110110110111101
00111110100110100101000110101100
00111110100110100011010110101010
00111110100110100001100110110111
00111110100110011111110111010011
00111110100110011110000111111110
00111110100110011100011000111001
00111110100110011010101010000010
00111110100110011000111011011011
00111110100110010111001101000010
00111110100110010101011110111000
00111110100110010011110000111101
00111110100110010010000011010001
00111110100110010000010101110100
00111110100110001110101000100101
00111110100110001100111011100101
00111110100110001011001110110011
00111110100110001001100010010000
00111110100110000111110101111011
00111110100110000110001001110100
00111110100110000100011101111100
00111110100110000010110010010011
00111110100110000001000110110111
00111110100101111111011011101010
00111110100101111101110000101011
00111110100101111100000101111010
00111110100101111010011011010111
00111110100101111000110001000010
00111110100101110111000110111011
00111110100101110101011101000010
00111110100101110011110011010110
00111110100101110010001001111001
00111110100101110000100000101001
00111110100101101110110111101000
00111110100101101101001110110011
00111110100101101011100110001101
00111110100101101001111101110100
00111110100101101000010101101000
00111110100101100110101101101010
00111110100101100101000101111010
00111110100101100011011110010110
00111110100101100001110111000001
00111110100101100000001111111000
00111110100101011110101000111101
00111110100101011101000010001111
00111110100101011011011011101110
00111110100101011001110101011010
00111110100101011000001111010100
00111110100101010110101001011010
00111110100101010101000011101110
00111110100101010011011110001110
00111110100101010001111000111100
00111110100101010000010011110110
00111110100101001110101110111101
00111110100101001101001010010001
00111110100101001011100101110001
00111110100101001010000001011111
00111110100101001000011101011000
00111110100101000110111001011111
00111110100101000101010101110010
00111110100101000011110010010010
00111110100101000010001110111110
00111110100101000000101011110111
00111110100100111111001000111100
00111110100100111101100110001101
00111110100100111100000011101011
00111110100100111010100001010101
00111110100100111000111111001100
00111110100100110111011101001110
00111110100100110101111011011101
00111110100100110100011001111000
00111110100100110010111000011111
00111110100100110001010111010010
00111110100100101111110110010001
00111110100100101110010101011100
00111110100100101100110100110011
00111110100100101011010100010110
00111110100100101001110100000100
00111110100100101000010011111111
00111110100100100110110100000101
00111110100100100101010100011000
00111110100100100011110100110101
00111110100100100010010101011111
00111110100100100000110110010100
00111110100100011111010111010101
00111110100100011101111000100001
00111110100100011100011001111001
00111110100100011010111011011101
00111110100100011001011101001011
00111110100100010111111111000110
00111110100100010110100001001011
00111110100100010101000011011100
00111110100100010011100101111001
00111110100100010010001000100000
00111110100100010000101011010011
00111110100100001111001110010001
00111110100100001101110001011010
00111110100100001100010100101111
00111110100100001010111000001110
00111110100100001001011011111001
00111110100100000111111111101110
00111110100100000110100011101111
00111110100100000101000111111010
00111110100100000011101100010001
00111110100100000010010000110010
00111110100100000000110101011110
00111110100011111111011010010101
00111110100011111101111111010111
00111110100011111100100100100100
00111110100011111011001001111011
00111110100011111001101111011101
00111110100011111000010101001010
00111110100011110110111011000001
00111110100011110101100001000011
00111110100011110100000111010000
00111110100011110010101101100111
00111110100011110001010100001000
00111110100011101111111010110101
00111110100011101110100001101011
00111110100011101101001000101100
00111110100011101011101111110111
00111110100011101010010111001101
00111110100011101000111110101101
00111110100011100111100110010111
00111110100011100110001110001011
00111110100011100100110110001010
00111110100011100011011110010011
00111110100011100010000110100110
00111110100011100000101111000011
00111110100011011111010111101010
00111110100011011110000000011100
00111110100011011100101001010111
00111110100011011011010010011100
00111110100011011001111011101100
00111110100011011000100101000101
00111110100011010111001110101000
00111110100011010101111000010101
00111110100011010100100010001100
00111110100011010011001100001101
00111110100011010001110110011000
00111110100011010000100000101100
00111110100011001111001011001010
00111110100011001101110101110010
00111110100011001100100000100011
00111110100011001011001011011111
00111110100011001001110110100011
00111110100011001000100001110010
00111110100011000111001101001010
00111110100011000101111000101011
00111110100011000100100100010110
00111110100011000011010000001011
00111110100011000001111100001001
00111110100011000000101000010000
00111110100010111111010100100001
00111110100010111110000000111011
00111110100010111100101101011111
00111110100010111011011010001100
00111110100010111010000111000010
00111110100010111000110100000001
00111110100010110111100001001010
00111110100010110110001110011100
00111110100010110100111011110111
00111110100010110011101001011011
00111110100010110010010111001000
00111110100010110001000100111111
00111110100010101111110010111110
00111110100010101110100001000111
00111110100010101101001111011001
00111110100010101011111101110011
00111110100010101010101100010111
00111110100010101001011011000011
00111110100010101000001001111001
00111110100010100110111000110111
00111110100010100101100111111111
00111110100010100100010111001111
00111110100010100011000110101000
00111110100010100001110110001010
00111110100010100000100101110100
00111110100010011111010101100111
00111110100010011110000101100011
00111110100010011100110101101000
00111110100010011011100101110110
00111110100010011010010110001100
00111110100010011001000110101010
00111110100010010111110111010010
00111110100010010110101000000001
00111110100010010101011000111010
00111110100010010100001001111011
00111110100010010010111011000100
00111110100010010001101100010110
00111110100010010000011101110001
00111110100010001111001111010011
00111110100010001110000000111111
00111110100010001100110010110010
00111110100010001011100100101110
00111110100010001010010110110011
00111110100010001001001000111111
00111110100010000111111011010100
00111110100010000110101101110010
00111110100010000101100000010111
00111110100010000100010011000101
00111110100010000011000101111011
00111110100010000001111000111001
00111110100010000000101011111111
00111110100001111111011111001110
00111110100001111110010010100100
00111110100001111101000110000011
00111110100001111011111001101001
00111110100001111010101101011000
00111110100001111001100001001111
00111110100001111000010101001110
00111110100001110111001001010100
00111110100001110101111101100011
00111110100001110100110001111010
00111110100001110011100110011000
00111110100001110010011010111111
00111110100001110001001111101101
00111110100001110000000100100011
00111110100001101110111001100001
00111110100001101101101110100111
00111110100001101100100011110101
00111110100001101011011001001010
00111110100001101010001110100111
00111110100001101001000100001100
00111110100001100111111001111001
00111110100001100110101111101101
00111110100001100101100101101001
00111110100001100100011011101100
00111110100001100011010001111000
00111110100001100010001000001010
00111110100001100000111110100101
00111110100001011111110101000111
00111110100001011110101011110000
00111110100001011101100010100001
00111110100001011100011001011010
00111110100001011011010000011010
00111110100001011010000111100001
00111110100001011000111110110000
00111110100001010111110110000110
00111110100001010110101101100100
00111110100001010101100101001001
00111110100001010100011100110101
00111110100001010011010100101001
00111110100001010010001100100100
00111110100001010001000100100111
00111110100001001111111100110000
00111110100001001110110101000001
00111110100001001101101101011010
00111110100001001100100101111001
00111110100001001011011110100000
00111110100001001010010111001101
00111110100001001001010000000010
00111110100001001000001000111111
00111110100001000111000010000010
00111110100001000101111011001100
00111110100001000100110100011110
00111110100001000011101101110110
00111110100001000010100111010110
00111110100001000001100000111101
00111110100001000000011010101010
00111110100000111111010100011111
00111110100000111110001110011011
00111110100000111101001000011110
00111110100000111100000010100111
00111110100000111010111100111000
00111110100000111001110111001111
00111110100000111000110001101110
00111110100000110111101100010011
00111110100000110110100110111111
00111110100000110101100001110010
00111110100000110100011100101100
00111110100000110011010111101100
00111110100000110010010010110100
00111110100000110001001110000010
00111110100000110000001001010111
00111110100000101111000100110010
00111110100000101110000000010101
00111110100000101100111011111110
00111110100000101011110111101110
00111110100000101010110011100100
00111110100000101001101111100001
00111110100000101000101011100101
00111110100000100111100111101111
00111110100000100110100100000000
00111110100000100101100000011000
00111110100000100100011100110110
00111110100000100011011001011010
00111110100000100010010110000110
00111110100000100001010010110111
00111110100000100000001111101111
00111110100000011111001100101110
00111110100000011110001001110011
00111110100000011101000110111111
00111110100000011100000100010001
00111110100000011011000001101010
00111110100000011001111111001000
00111110100000011000111100101110
00111110100000010111111010011001
00111110100000010110111000001011
00111110100000010101110110000100
00111110100000010100110100000010
00111110100000010011110010000111
00111110100000010010110000010011
00111110100000010001101110100100
00111110100000010000101100111100
00111110100000001111101011011010
00111110100000001110101001111111
00111110100000001101101000101001
00111110100000001100100111011010
00111110100000001011100110010001
00111110100000001010100101001110
00111110100000001001100100010001
00111110100000001000100011011011
00111110100000000111100010101010
00111110100000000110100010000000
00111110100000000101100001011011
00111110100000000100100000111101
00111110100000000011100000100101
00111110100000000010100000010011
00111110100000000001100000000111
00111110100000000000100000000001
