00111111111111111110000000000111
00111111111111111010000000100111
00111111111111110110000001100111
00111111111111110010000011000110
00111111111111101110000101000110
00111111111111101010000111100100
00111111111111100110001010100011
00111111111111100010001110000000
00111111111111011110010001111101
00111111111111011010010110011010
00111111111111010110011011010101
00111111111111010010100000101111
00111111111111001110100110101001
00111111111111001010101101000001
00111111111111000110110011111000
00111111111111000010111011001110
00111111111110111111000011000010
00111111111110111011001011010101
00111111111110110111010100000110
00111111111110110011011101010101
00111111111110101111100111000011
00111111111110101011110001001111
00111111111110100111111011111001
00111111111110100100000111000001
00111111111110100000010010100110
00111111111110011100011110101010
00111111111110011000101011001011
00111111111110010100111000001010
00111111111110010001000101100111
00111111111110001101010011100001
00111111111110001001100001111000
00111111111110000101110000101101
00111111111110000001111111111111
00111111111101111110001111101110
00111111111101111010011111111010
00111111111101110110110000100011
00111111111101110011000001101001
00111111111101101111010011001100
00111111111101101011100101001011
00111111111101100111110111100111
00111111111101100100001010100000
00111111111101100000011101110101
00111111111101011100110001100111
00111111111101011001000101110101
00111111111101010101011010011111
00111111111101010001101111100101
00111111111101001110000101001000
00111111111101001010011011000110
00111111111101000110110001100001
00111111111101000011001000010111
00111111111100111111011111101001
00111111111100111011110111010111
00111111111100111000001111100000
00111111111100110100101000000101
00111111111100110001000001000101
00111111111100101101011010100001
00111111111100101001110100011000
00111111111100100110001110101010
00111111111100100010101001010111
00111111111100011111000100100000
00111111111100011011100000000011
00111111111100010111111100000010
00111111111100010100011000011011
00111111111100010000110101001111
00111111111100001101010010011110
00111111111100001001110000001000
00111111111100000110001110001100
00111111111100000010101100101010
00111111111011111111001011100011
00111111111011111011101010110110
00111111111011111000001010100100
00111111111011110100101010101100
00111111111011110001001011001110
00111111111011101101101100001010
00111111111011101010001101100000
00111111111011100110101111010000
00111111111011100011010001011001
00111111111011011111110011111101
00111111111011011100010110111010
00111111111011011000111010010001
00111111111011010101011110000010
00111111111011010010000010001011
00111111111011001110100110101111
00111111111011001011001011101100
00111111111011000111110001000010
00111111111011000100010110110001
00111111111011000000111100111001
00111111111010111101100011011011
00111111111010111010001010010101
00111111111010110110110001101001
00111111111010110011011001010101
00111111111010110000000001011010
00111111111010101100101001111000
00111111111010101001010010101111
00111111111010100101111011111110
00111111111010100010100101100110
00111111111010011111001111100110
00111111111010011011111001111111
00111111111010011000100100110000
00111111111010010101001111111010
00111111111010010001111011011011
00111111111010001110100111010101
00111111111010001011010011100111
00111111111010001000000000010001
00111111111010000100101101010011
00111111111010000001011010101100
00111111111001111110001000011110
00111111111001111010110110100111
00111111111001110111100101001001
00111111111001110100010100000001
00111111111001110001000011010010
00111111111001101101110010111010
00111111111001101010100010111001
00111111111001100111010011010000
00111111111001100100000011111110
00111111111001100000110101000011
00111111111001011101100110100000
00111111111001011010011000010100
00111111111001010111001010011111
00111111111001010011111101000001
00111111111001010000101111111010
00111111111001001101100011001001
00111111111001001010010110110000
00111111111001000111001010101110
00111111111001000011111111000010
00111111111001000000110011101101
00111111111000111101101000101110
00111111111000111010011110000111
00111111111000110111010011110101
00111111111000110100001001111010
00111111111000110001000000010110
00111111111000101101110111000111
00111111111000101010101110001111
00111111111000100111100101101110
00111111111000100100011101100010
00111111111000100001010101101101
00111111111000011110001110001101
00111111111000011011000111000100
00111111111000011000000000010000
00111111111000010100111001110010
00111111111000010001110011101011
00111111111000001110101101111001
00111111111000001011101000011100
00111111111000001000100011010101
00111111111000000101011110100100
00111111111000000010011010001001
00111111110111111111010110000011
00111111110111111100010010010010
00111111110111111001001110110110
00111111110111110110001011110000
00111111110111110011001001000000
00111111110111110000000110100100
00111111110111101101000100011110
00111111110111101010000010101100
00111111110111100111000001010000
00111111110111100100000000001001
00111111110111100000111111010111
00111111110111011101111110111001
00111111110111011010111110110001
00111111110111010111111110111101
00111111110111010100111111011110
00111111110111010010000000010011
00111111110111001111000001011101
00111111110111001100000010111100
00111111110111001001000100101111
00111111110111000110000110110111
00111111110111000011001001010011
00111111110111000000001100000100
00111111110110111101001111001001
00111111110110111010010010100010
00111111110110110111010110001111
00111111110110110100011010010001
00111111110110110001011110100110
00111111110110101110100011010000
00111111110110101011101000001110
00111111110110101000101101011111
00111111110110100101110011000101
00111111110110100010111000111110
00111111110110011111111111001011
00111111110110011101000101101100
00111111110110011010001100100001
00111111110110010111010011101001
00111111110110010100011011000101
00111111110110010001100010110101
00111111110110001110101010111000
00111111110110001011110011001110
00111111110110001000111011111000
00111111110110000110000100110101
00111111110110000011001110000110
00111111110110000000010111101010
00111111110101111101100001100001
00111111110101111010101011101011
00111111110101110111110110001001
00111111110101110101000000111001
00111111110101110010001011111101
00111111110101101111010111010011
00111111110101101100100010111101
00111111110101101001101110111001
00111111110101100110111011001000
00111111110101100100000111101011
00111111110101100001010100011111
00111111110101011110100001100111
00111111110101011011101111000001
00111111110101011000111100101110
00111111110101010110001010101101
00111111110101010011011000111111
00111111110101010000100111100100
00111111110101001101110110011010
00111111110101001011000101100100
00111111110101001000010100111111
00111111110101000101100100101101
00111111110101000010110100101101
00111111110101000000000101000000
00111111110100111101010101100100
00111111110100111010100110011011
00111111110100110111110111100100
00111111110100110101001000111111
00111111110100110010011010101011
00111111110100101111101100101010
00111111110100101100111110111011
00111111110100101010010001011101
00111111110100100111100100010010
00111111110100100100110111011000
00111111110100100010001010110000
00111111110100011111011110011001
00111111110100011100110010010101
00111111110100011010000110100010
00111111110100010111011011000000
00111111110100010100101111110000
00111111110100010010000100110010
00111111110100001111011010000100
00111111110100001100101111101001
00111111110100001010000101011110
00111111110100000111011011100101
00111111110100000100110001111110
00111111110100000010001000100111
00111111110011111111011111100010
00111111110011111100110110101110
00111111110011111010001110001011
00111111110011110111100101111001
00111111110011110100111101111000
00111111110011110010010110001000
00111111110011101111101110101001
00111111110011101101000111011011
00111111110011101010100000011110
00111111110011100111111001110001
00111111110011100101010011010110
00111111110011100010101101001011
00111111110011100000000111010001
00111111110011011101100001101000
00111111110011011010111100001111
00111111110011011000010111000111
00111111110011010101110010001111
00111111110011010011001101101000
00111111110011010000101001010001
00111111110011001110000101001011
00111111110011001011100001010110
00111111110011001000111101110000
00111111110011000110011010011011
00111111110011000011110111010110
00111111110011000001010100100010
00111111110010111110110001111101
00111111110010111100001111101001
00111111110010111001101101100101
00111111110010110111001011110001
00111111110010110100101010001101
00111111110010110010001000111010
00111111110010101111100111110110
00111111110010101101000111000010
00111111110010101010100110011110
00111111110010101000000110001010
00111111110010100101100110000110
00111111110010100011000110010001
00111111110010100000100110101100
00111111110010011110000111010111
00111111110010011011101000010010
00111111110010011001001001011101
00111111110010010110101010110111
00111111110010010100001100100000
00111111110010010001101110011001
00111111110010001111010000100010
00111111110010001100110010111010
00111111110010001010010101100010
00111111110010000111111000011001
00111111110010000101011011011111
00111111110010000010111110110101
00111111110010000000100010011010
00111111110001111110000110001110
00111111110001111011101010010010
00111111110001111001001110100100
00111111110001110110110011000110
00111111110001110100010111110111
00111111110001110001111100110111
00111111110001101111100010000110
00111111110001101101000111100100
00111111110001101010101101010010
00111111110001101000010011001110
00111111110001100101111001011001
00111111110001100011011111110011
00111111110001100001000110011011
00111111110001011110101101010011
00111111110001011100010100011001
00111111110001011001111011101111
00111111110001010111100011010010
00111111110001010101001011000101
00111111110001010010110011000110
00111111110001010000011011010110
00111111110001001110000011110100
00111111110001001011101100100001
00111111110001001001010101011101
00111111110001000110111110100111
00111111110001000100100111111111
00111111110001000010010001100110
00111111110000111111111011011011
00111111110000111101100101011111
00111111110000111011001111110001
00111111110000111000111010010001
00111111110000110110100101000000
00111111110000110100001111111100
00111111110000110001111011000111
00111111110000101111100110100000
00111111110000101101010010001000
00111111110000101010111101111101
00111111110000101000101010000000
00111111110000100110010110010010
00111111110000100100000010110001
00111111110000100001101111011111
00111111110000011111011100011010
00111111110000011101001001100100
00111111110000011010110110111011
00111111110000011000100100100000
00111111110000010110010010010011
00111111110000010100000000010011
00111111110000010001101110100010
00111111110000001111011100111110
00111111110000001101001011101000
00111111110000001010111010100000
00111111110000001000101001100101
00111111110000000110011000111000
00111111110000000100001000011000
00111111110000000001111000000110
00111111101111111111101000000001
00111111101111111101011000001010
00111111101111111011001000100001
00111111101111111000111001000101
00111111101111110110101001110110
00111111101111110100011010110101
00111111101111110010001100000001
00111111101111101111111101011010
00111111101111101101101111000001
00111111101111101011100000110101
00111111101111101001010010110110
00111111101111100111000101000100
00111111101111100100110111100000
00111111101111100010101010001000
00111111101111100000011100111110
00111111101111011110010000000001
00111111101111011100000011010001
00111111101111011001110110101110
00111111101111010111101010011000
00111111101111010101011110001111
00111111101111010011010010010010
00111111101111010001000110100011
00111111101111001110111011000001
00111111101111001100101111101011
00111111101111001010100100100011
00111111101111001000011001100111
00111111101111000110001110111000
00111111101111000100000100010110
00111111101111000001111010000000
00111111101110111111101111110111
00111111101110111101100101111011
00111111101110111011011100001100
00111111101110111001010010101001
00111111101110110111001001010010
00111111101110110101000000001000
00111111101110110010110111001011
00111111101110110000101110011011
00111111101110101110100101110110
00111111101110101100011101011110
00111111101110101010010101010011
00111111101110101000001101010100
00111111101110100110000101100010
00111111101110100011111101111011
00111111101110100001110110100001
00111111101110011111101111010100
00111111101110011101101000010010
00111111101110011011100001011101
00111111101110011001011010110100
00111111101110010111010100011000
00111111101110010101001110000111
00111111101110010011001000000011
00111111101110010001000010001010
00111111101110001110111100011110
00111111101110001100110110111110
00111111101110001010110001101010
00111111101110001000101100100010
00111111101110000110100111100110
00111111101110000100100010110110
00111111101110000010011110010010
00111111101110000000011001111001
00111111101101111110010101101101
00111111101101111100010001101100
00111111101101111010001101111000
00111111101101111000001010001111
00111111101101110110000110110010
00111111101101110100000011100000
00111111101101110010000000011011
00111111101101101111111101100001
00111111101101101101111010110011
00111111101101101011111000010000
00111111101101101001110101111001
00111111101101100111110011101110
00111111101101100101110001101110
00111111101101100011101111111010
00111111101101100001101110010010
00111111101101011111101100110101
00111111101101011101101011100011
00111111101101011011101010011101
00111111101101011001101001100010
00111111101101010111101000110011
00111111101101010101101000001111
00111111101101010011100111110111
00111111101101010001100111101010
00111111101101001111100111101000
00111111101101001101100111110010
00111111101101001011101000000111
00111111101101001001101000100111
00111111101101000111101001010010
00111111101101000101101010001000
00111111101101000011101011001010
00111111101101000001101100010111
00111111101100111111101101101111
00111111101100111101101111010010
00111111101100111011110001000001
00111111101100111001110010111010
00111111101100110111110100111110
00111111101100110101110111001110
00111111101100110011111001101000
00111111101100110001111100001110
00111111101100101111111110111110
00111111101100101110000001111001
00111111101100101100000100111111
00111111101100101010001000010001
00111111101100101000001011101101
00111111101100100110001111010011
00111111101100100100010011000101
00111111101100100010010111000010
00111111101100100000011011001001
00111111101100011110011111011011
00111111101100011100100011111000
00111111101100011010101000011111
00111111101100011000101101010001
00111111101100010110110010001110
00111111101100010100110111010110
00111111101100010010111100101000
00111111101100010001000010000100
00111111101100001111000111101100
00111111101100001101001101011110
00111111101100001011010011011010
00111111101100001001011001100001
00111111101100000111011111110011
00111111101100000101100110001110
00111111101100000011101100110101
00111111101100000001110011100110
00111111101011111111111010100001
00111111101011111110000001100111
00111111101011111100001000110111
00111111101011111010010000010001
00111111101011111000010111110110
00111111101011110110011111100101
00111111101011110100100111011110
00111111101011110010101111100010
00111111101011110000110111110000
00111111101011101111000000001000
00111111101011101101001000101010
00111111101011101011010001010111
00111111101011101001011010001101
00111111101011100111100011001110
00111111101011100101101100011001
00111111101011100011110101101110
00111111101011100001111111001101
00111111101011100000001000110110
00111111101011011110010010101010
00111111101011011100011100100111
00111111101011011010100110101110
00111111101011011000110001000000
00111111101011010110111011011011
00111111101011010101000110000000
00111111101011010011010000101111
00111111101011010001011011101000
00111111101011001111100110101011
00111111101011001101110001111000
00111111101011001011111101001111
00111111101011001010001000101111
00111111101011001000010100011010
00111111101011000110100000001110
00111111101011000100101100001100
00111111101011000010111000010011
00111111101011000001000100100101
00111111101010111111010001000000
00111111101010111101011101100101
00111111101010111011101010010011
00111111101010111001110111001011
00111111101010111000000100001101
00111111101010110110010001011000
00111111101010110100011110101101
00111111101010110010101100001100
00111111101010110000111001110100
00111111101010101111000111100110
00111111101010101101010101100001
00111111101010101011100011100110
00111111101010101001110001110100
00111111101010101000000000001100
00111111101010100110001110101101
00111111101010100100011101010111
00111111101010100010101100001011
00111111101010100000111011001001
00111111101010011111001010001111
00111111101010011101011001100000
00111111101010011011101000111001
00111111101010011001111000011100
00111111101010011000001000001000
00111111101010010110010111111101
00111111101010010100100111111100
00111111101010010010111000000100
00111111101010010001001000010101
00111111101010001111011000110000
00111111101010001101101001010011
00111111101010001011111010000000
00111111101010001010001010110110
00111111101010001000011011110101
00111111101010000110101100111101
00111111101010000100111110001110
00111111101010000011001111101001
00111111101010000001100001001100
00111111101001111111110010111001
00111111101001111110000100101111
00111111101001111100010110101101
00111111101001111010101000110101
00111111101001111000111011000101
00111111101001110111001101011111
00111111101001110101100000000001
00111111101001110011110010101101
00111111101001110010000101100001
00111111101001110000011000011111
00111111101001101110101011100101
00111111101001101100111110110100
00111111101001101011010010001100
00111111101001101001100101101101
00111111101001100111111001010110
00111111101001100110001101001001
00111111101001100100100001000100
00111111101001100010110101001000
00111111101001100001001001010100
00111111101001011111011101101010
00111111101001011101110010001000
00111111101001011100000110101111
00111111101001011010011011011110
00111111101001011000110000010110
00111111101001010111000101010111
00111111101001010101011010100001
00111111101001010011101111110011
00111111101001010010000101001110
00111111101001010000011010110001
00111111101001001110110000011101
00111111101001001101000110010001
00111111101001001011011100001110
00111111101001001001110010010100
00111111101001001000001000100010
00111111101001000110011110111000
00111111101001000100110101010111
00111111101001000011001011111111
00111111101001000001100010101111
00111111101000111111111001100111
00111111101000111110010000101000
00111111101000111100100111110001
00111111101000111010111111000010
00111111101000111001010110011100
00111111101000110111101101111110
00111111101000110110000101101001
00111111101000110100011101011100
00111111101000110010110101010111
00111111101000110001001101011010
00111111101000101111100101100110
00111111101000101101111101111010
00111111101000101100010110010110
00111111101000101010101110111011
00111111101000101001000111100111
00111111101000100111100000011100
00111111101000100101111001011001
00111111101000100100010010011110
00111111101000100010101011101100
00111111101000100001000101000001
00111111101000011111011110011111
00111111101000011101111000000100
00111111101000011100010001110010
00111111101000011010101011101000
00111111101000011001000101100110
00111111101000010111011111101100
00111111101000010101111001111010
00111111101000010100010100010000
00111111101000010010101110101110
00111111101000010001001001010100
00111111101000001111100100000010
00111111101000001101111110111000
00111111101000001100011001110110
00111111101000001010110100111100
00111111101000001001010000001001
00111111101000000111101011011111
00111111101000000110000110111100
00111111101000000100100010100010
00111111101000000010111110001111
00111111101000000001011010000100
00111111100111111111110110000001
00111111100111111110010010000101
00111111100111111100101110010010
00111111100111111011001010100110
00111111100111111001100111000010
00111111100111111000000011100110
00111111100111110110100000010010
00111111100111110100111101000101
00111111100111110011011010000000
00111111100111110001110111000010
00111111100111110000010100001101
00111111100111101110110001011111
00111111100111101101001110111000
00111111100111101011101100011010
00111111100111101010001010000011
00111111100111101000100111110011
00111111100111100111000101101011
00111111100111100101100011101011
00111111100111100100000001110010
00111111100111100010100000000001
00111111100111100000111110011000
00111111100111011111011100110110
00111111100111011101111011011011
00111111100111011100011010001000
00111111100111011010111000111101
00111111100111011001010111111001
00111111100111010111110110111100
00111111100111010110010110000111
00111111100111010100110101011001
00111111100111010011010100110011
00111111100111010001110100010100
00111111100111010000010011111100
00111111100111001110110011101100
00111111100111001101010011100100
00111111100111001011110011100010
00111111100111001010010011101000
00111111100111001000110011110110
00111111100111000111010100001010
00111111100111000101110100100110
00111111100111000100010101001001
00111111100111000010110101110100
00111111100111000001010110100110
00111111100110111111110111011111
00111111100110111110011000011111
00111111100110111100111001100110
00111111100110111011011010110101
00111111100110111001111100001011
00111111100110111000011101101000
00111111100110110110111111001100
00111111100110110101100000111000
00111111100110110100000010101010
00111111100110110010100100100100
00111111100110110001000110100101
00111111100110101111101000101101
00111111100110101110001010111100
00111111100110101100101101010010
00111111100110101011001111101111
00111111100110101001110010010100
00111111100110101000010100111111
00111111100110100110110111110001
00111111100110100101011010101011
00111111100110100011111101101011
00111111100110100010100000110011
00111111100110100001000100000001
00111111100110011111100111010110
00111111100110011110001010110011
00111111100110011100101110010110
00111111100110011011010010000000
00111111100110011001110101110001
00111111100110011000011001101001
00111111100110010110111101101000
00111111100110010101100001101110
00111111100110010100000101111011
00111111100110010010101010001111
00111111100110010001001110101001
00111111100110001111110011001010
00111111100110001110010111110010
00111111100110001100111100100001
00111111100110001011100001010111
00111111100110001010000110010100
00111111100110001000101011010111
00111111100110000111010000100001
00111111100110000101110101110010
00111111100110000100011011001010
00111111100110000011000000101000
00111111100110000001100110001101
00111111100110000000001011111001
00111111100101111110110001101011
00111111100101111101010111100100
00111111100101111011111101100100
00111111100101111010100011101011
00111111100101111001001001111000
00111111100101110111110000001100
00111111100101110110010110100110
00111111100101110100111101000111
00111111100101110011100011101111
00111111100101110010001010011101
00111111100101110000110001010010
00111111100101101111011000001101
00111111100101101101111111001111
00111111100101101100100110011000
00111111100101101011001101100111
00111111100101101001110100111100
00111111100101101000011100011000
00111111100101100111000011111011
00111111100101100101101011100100
00111111100101100100010011010100
00111111100101100010111011001010
00111111100101100001100011000110
00111111100101100000001011001001
00111111100101011110110011010011
00111111100101011101011011100010
00111111100101011100000011111001
00111111100101011010101100010101
00111111100101011001010100111000
00111111100101010111111101100010
00111111100101010110100110010010
00111111100101010101001111001000
00111111100101010011111000000100
00111111100101010010100001000111
00111111100101010001001010010000
00111111100101001111110011100000
00111111100101001110011100110110
00111111100101001101000110010010
00111111100101001011101111110100
00111111100101001010011001011101
00111111100101001001000011001100
00111111100101000111101101000001
00111111100101000110010110111100
00111111100101000101000000111110
00111111100101000011101011000110
00111111100101000010010101010100
00111111100101000000111111101000
00111111100100111111101010000011
00111111100100111110010100100011
00111111100100111100111111001010
00111111100100111011101001110111
00111111100100111010010100101010
00111111100100111000111111100100
00111111100100110111101010100011
00111111100100110110010101101001
00111111100100110101000000110100
00111111100100110011101100000110
00111111100100110010010111011110
00111111100100110001000010111100
00111111100100101111101110100000
00111111100100101110011010001010
00111111100100101101000101111010
00111111100100101011110001110000
00111111100100101010011101101100
00111111100100101001001001101110
00111111100100100111110101110111
00111111100100100110100010000101
00111111100100100101001110011001
00111111100100100011111010110011
00111111100100100010100111010011
00111111100100100001010011111001
00111111100100100000000000100101
00111111100100011110101101010111
00111111100100011101011010001111
00111111100100011100000111001101
00111111100100011010110100010000
00111111100100011001100001011010
00111111100100011000001110101001
00111111100100010110111011111111
00111111100100010101101001011010
00111111100100010100010110111011
00111111100100010011000100100010
00111111100100010001110010001111
00111111100100010000100000000001
00111111100100001111001101111010
00111111100100001101111011111000
00111111100100001100101001111100
00111111100100001011011000000101
00111111100100001010000110010101
00111111100100001000110100101010
00111111100100000111100011000101
00111111100100000110010001100110
00111111100100000101000000001101
00111111100100000011101110111001
00111111100100000010011101101011
00111111100100000001001100100011
00111111100011111111111011100001
00111111100011111110101010100100
00111111100011111101011001101101
00111111100011111100001000111011
00111111100011111010111000001111
00111111100011111001100111101001
00111111100011111000010111001001
00111111100011110111000110101110
00111111100011110101110110011001
00111111100011110100100110001001
00111111100011110011010101111111
00111111100011110010000101111010
00111111100011110000110101111100
00111111100011101111100110000010
00111111100011101110010110001111
00111111100011101101000110100001
00111111100011101011110110111000
00111111100011101010100111010101
00111111100011101001010111111000
00111111100011101000001000100000
00111111100011100110111001001101
00111111100011100101101010000001
00111111100011100100011010111001
00111111100011100011001011110111
00111111100011100001111100111011
00111111100011100000101110000100
00111111100011011111011111010010
00111111100011011110010000100110
00111111100011011101000010000000
00111111100011011011110011011111
00111111100011011010100101000011
00111111100011011001010110101101
00111111100011011000001000011100
00111111100011010110111010010001
00111111100011010101101100001011
00111111100011010100011110001010
00111111100011010011010000001111
00111111100011010010000010011001
00111111100011010000110100101000
00111111100011001111100110111101
00111111100011001110011001010111
00111111100011001101001011110111
00111111100011001011111110011011
00111111100011001010110001000101
00111111100011001001100011110101
00111111100011001000010110101010
00111111100011000111001001100100
00111111100011000101111100100011
00111111100011000100101111101000
00111111100011000011100010110001
00111111100011000010010110000001
00111111100011000001001001010101
00111111100010111111111100101110
00111111100010111110110000001101
00111111100010111101100011110001
00111111100010111100010111011011
00111111100010111011001011001001
00111111100010111001111110111101
00111111100010111000110010110110
00111111100010110111100110110100
00111111100010110110011010110111
00111111100010110101001110111111
00111111100010110100000011001101
00111111100010110010110111100000
00111111100010110001101011111000
00111111100010110000100000010101
00111111100010101111010100110111
00111111100010101110001001011110
00111111100010101100111110001010
00111111100010101011110010111100
00111111100010101010100111110010
00111111100010101001011100101110
00111111100010101000010001101111
00111111100010100111000110110100
00111111100010100101111011111111
00111111100010100100110001001111
00111111100010100011100110100100
00111111100010100010011011111110
00111111100010100001010001011101
00111111100010100000000111000001
00111111100010011110111100101010
00111111100010011101110010011000
00111111100010011100101000001011
00111111100010011011011110000011
00111111100010011010010100000000
00111111100010011001001010000010
00111111100010011000000000001001
00111111100010010110110110010101
00111111100010010101101100100110
00111111100010010100100010111100
00111111100010010011011001010110
00111111100010010010001111110110
00111111100010010001000110011011
00111111100010001111111101000100
00111111100010001110110011110010
00111111100010001101101010100110
00111111100010001100100001011110
00111111100010001011011000011011
00111111100010001010001111011101
00111111100010001001000110100100
00111111100010000111111101101111
00111111100010000110110101000000
00111111100010000101101100010101
00111111100010000100100011101111
00111111100010000011011011001111
00111111100010000010010010110010
00111111100010000001001010011011
00111111100010000000000010001000
00111111100001111110111001111011
00111111100001111101110001110010
00111111100001111100101001101110
00111111100001111011100001101110
00111111100001111010011001110100
00111111100001111001010001111110
00111111100001111000001010001101
00111111100001110111000010100000
00111111100001110101111010111001
00111111100001110100110011010110
00111111100001110011101011111000
00111111100001110010100100011110
00111111100001110001011101001001
00111111100001110000010101111001
00111111100001101111001110101110
00111111100001101110000111100111
00111111100001101101000000100101
00111111100001101011111001101000
00111111100001101010110010101111
00111111100001101001101011111011
00111111100001101000100101001100
00111111100001100111011110100001
00111111100001100110010111111011
00111111100001100101010001011010
00111111100001100100001010111101
00111111100001100011000100100101
00111111100001100001111110010001
00111111100001100000111000000010
00111111100001011111110001111000
00111111100001011110101011110010
00111111100001011101100101110001
00111111100001011100011111110100
00111111100001011011011001111100
00111111100001011010010100001001
00111111100001011001001110011010
00111111100001011000001000101111
00111111100001010111000011001010
00111111100001010101111101101000
00111111100001010100111000001011
00111111100001010011110010110011
00111111100001010010101101011111
00111111100001010001101000010000
00111111100001010000100011000101
00111111100001001111011101111111
00111111100001001110011000111101
00111111100001001101010100000000
00111111100001001100001111000111
00111111100001001011001010010011
00111111100001001010000101100011
00111111100001001001000000110111
00111111100001000111111100010000
00111111100001000110110111101110
00111111100001000101110011001111
00111111100001000100101110110110
00111111100001000011101010100000
00111111100001000010100110001111
00111111100001000001100010000011
00111111100001000000011101111011
00111111100000111111011001110111
00111111100000111110010101111000
00111111100000111101010001111101
00111111100000111100001110000110
00111111100000111011001010010100
00111111100000111010000110100110
00111111100000111001000010111101
00111111100000110111111111010111
00111111100000110110111011110110
00111111100000110101111000011010
00111111100000110100110101000010
00111111100000110011110001101110
00111111100000110010101110011110
00111111100000110001101011010011
00111111100000110000101000001100
00111111100000101111100101001001
00111111100000101110100010001011
00111111100000101101011111010001
00111111100000101100011100011011
00111111100000101011011001101001
00111111100000101010010110111100
00111111100000101001010100010011
00111111100000101000010001101110
00111111100000100111001111001110
00111111100000100110001100110001
00111111100000100101001010011001
00111111100000100100001000000101
00111111100000100011000101110110
00111111100000100010000011101010
00111111100000100001000001100011
00111111100000011111111111100000
00111111100000011110111101100001
00111111100000011101111011100110
00111111100000011100111001110000
00111111100000011011110111111101
00111111100000011010110110001111
00111111100000011001110100100101
00111111100000011000110010111111
00111111100000010111110001011110
00111111100000010110110000000000
00111111100000010101101110100111
00111111100000010100101101010001
00111111100000010011101100000000
00111111100000010010101010110011
00111111100000010001101001101010
00111111100000010000101000100101
00111111100000001111100111100101
00111111100000001110100110101000
00111111100000001101100101101111
00111111100000001100100100111011
00111111100000001011100100001010
00111111100000001010100011011110
00111111100000001001100010110110
00111111100000001000100010010001
00111111100000000111100001110001
00111111100000000110100001010101
00111111100000000101100000111101
00111111100000000100100000101001
00111111100000000011100000011001
00111111100000000010100000001101
00111111100000000001100000000101
00111111100000000000100000000001
